[0 7 14 15 20 29 34 42 45 47 55 58 71 82 87 103 113 120 132 133 136 139 148 153 156 177 178 201 217 222 226 ]
[3 13 28 33 34 35 41 44 45 53 55 64 66 74 83 97 103 105 131 139 145 147 166 167 172 177 179 181 192 201 218 ]
[0 30 35 36 41 42 45 52 57 60 76 82 97 103 117 129 132 137 151 170 171 176 187 192 196 200 204 208 211 219 225 ]
[1 24 33 35 43 45 52 55 68 71 76 92 94 103 109 123 127 130 140 155 164 166 168 177 178 179 193 198 200 211 218 ]
[4 41 44 45 48 54 57 71 92 100 101 111 112 127 132 133 158 159 164 177 180 185 191 201 209 213 217 222 225 226 227 ]
[1 30 31 34 43 44 45 53 54 58 63 69 91 103 105 107 114 120 133 137 145 154 162 166 172 177 179 180 200 204 216 ]
[4 13 23 29 34 35 36 45 50 54 60 70 72 76 80 85 97 103 107 114 115 133 177 179 188 192 199 200 202 206 229 ]
[3 43 46 52 62 71 82 91 93 95 100 103 105 111 122 145 153 158 165 168 175 178 180 186 188 190 195 200 203 206 210 ]
[1 20 25 35 40 44 45 52 57 65 70 86 103 119 129 130 132 141 153 154 161 164 172 174 176 177 188 193 201 203 213 ]
[0 9 11 45 46 47 51 57 60 67 71 77 80 82 85 92 93 94 103 104 109 119 124 163 187 199 200 203 220 223 228 ]
[4 9 35 44 45 52 57 59 64 71 72 89 90 95 97 103 109 117 120 121 161 163 168 175 177 191 195 201 213 214 229 ]
[5 12 26 43 45 52 54 66 71 80 88 91 94 101 103 104 122 128 133 141 151 154 157 164 167 180 187 189 191 200 212 ]
[7 12 16 43 44 50 57 66 71 81 83 90 103 108 114 122 126 128 142 143 146 151 154 155 164 174 187 188 199 216 221 ]
[1 33 34 44 45 51 52 57 63 66 69 72 91 93 103 109 118 129 140 146 155 171 173 175 177 190 195 199 200 206 226 ]
[0 38 39 41 45 47 55 60 64 71 78 81 89 96 103 106 111 121 133 136 140 144 159 167 170 174 182 200 202 208 209 ]
[1 26 28 30 34 45 52 65 71 84 87 101 103 114 124 125 127 152 161 162 177 184 189 194 196 198 201 203 205 216 218 ]
[2 31 35 44 45 48 51 56 57 73 74 78 80 86 101 103 112 130 132 161 164 170 174 175 181 188 196 200 201 209 213 ]
[2 35 45 54 58 69 75 80 81 99 100 103 109 112 120 132 139 141 145 151 154 161 163 169 174 177 180 200 205 206 217 ]
[1 22 26 28 45 52 54 68 80 100 103 124 132 133 141 143 144 147 174 179 185 186 187 191 200 201 202 203 217 221 222 ]
[1 7 32 37 44 45 54 55 59 61 66 75 80 103 105 118 119 122 123 130 131 155 159 160 165 166 175 177 182 200 217 ]
[4 21 28 32 45 54 71 75 80 83 93 103 113 126 138 141 142 153 154 156 167 171 175 176 182 199 201 204 209 213 217 ]
[0 18 28 29 44 45 47 50 57 59 60 67 90 100 103 118 123 124 128 136 144 164 167 177 185 194 200 206 210 216 223 ]
[4 12 27 40 45 46 51 57 61 69 80 88 103 104 113 117 122 124 125 128 130 132 151 168 169 180 181 194 197 209 210 ]
[1 33 35 36 43 44 45 48 54 55 62 63 75 80 103 110 144 152 158 164 167 168 176 190 191 193 200 207 213 226 228 ]
[0 13 35 40 41 43 44 45 46 52 53 57 58 90 103 125 134 135 159 163 165 166 175 176 180 191 200 209 214 216 221 ]
[1 26 42 45 48 55 64 70 77 98 103 107 112 113 114 119 128 135 146 154 161 171 176 177 181 189 197 201 210 211 229 ]
[2 26 45 50 52 55 69 75 79 84 103 108 110 115 116 134 143 162 163 167 177 179 181 184 188 195 199 200 205 216 222 ]
[12 16 23 26 33 43 44 54 63 70 75 78 85 88 93 94 103 113 137 147 160 161 166 171 173 179 180 191 194 196 200 ]
[4 13 23 25 42 45 54 55 62 80 81 89 91 103 106 115 120 128 138 141 142 163 164 166 168 176 183 195 198 203 209 ]
[3 14 35 39 45 54 66 70 73 80 88 95 103 106 110 128 132 136 145 155 160 165 169 170 174 175 184 198 201 205 208 ]
[0 45 50 52 55 72 76 87 89 98 100 103 104 109 113 120 145 162 163 165 175 177 180 186 197 198 200 205 212 221 224 ]
[3 13 37 45 47 50 53 61 67 71 80 86 90 103 107 115 119 121 124 135 136 142 164 168 171 175 178 196 201 214 222 ]
[1 17 20 26 35 45 52 53 67 71 88 99 100 103 114 121 127 128 135 161 163 168 173 177 183 195 199 200 215 222 227 ]
[2 19 30 37 40 44 45 57 66 67 70 73 75 91 103 108 115 117 134 146 153 154 157 160 165 172 185 201 204 208 220 ]
[1 34 35 44 45 55 62 64 65 66 70 75 94 100 103 104 114 118 122 123 138 139 154 163 165 168 173 176 200 213 218 ]
[4 19 22 23 38 40 45 55 71 73 86 103 104 112 126 130 141 156 161 165 166 171 175 177 188 192 201 208 210 212 225 ]
[0 11 14 21 25 28 33 45 46 50 55 57 63 71 80 99 101 102 123 129 130 135 147 148 160 192 198 201 205 215 228 ]
[7 8 12 21 22 27 31 38 44 45 47 50 57 69 71 75 76 83 93 100 103 105 130 137 145 162 166 168 170 182 193 ]
[3 12 18 31 42 43 45 48 57 63 69 84 93 96 103 108 112 119 120 121 124 125 128 144 160 179 188 195 201 216 218 ]
[1 4 12 16 17 18 43 44 45 47 48 57 69 71 79 101 102 103 104 105 146 152 175 179 187 200 201 204 208 209 217 ]
[0 18 25 32 34 45 46 55 56 65 69 71 74 84 86 94 95 103 104 109 129 154 176 177 180 200 201 202 207 216 218 ]
[6 13 26 45 47 54 60 62 69 75 78 97 103 105 123 124 128 129 133 143 146 156 160 164 168 181 182 187 193 206 210 ]
[4 17 29 35 36 41 45 52 54 58 64 67 87 88 91 94 99 103 107 156 163 174 177 179 185 187 191 201 204 205 213 ]
[13 16 26 34 37 45 55 80 85 96 103 105 106 119 128 129 133 137 141 142 152 161 164 188 190 192 199 204 206 208 217 ]
[2 27 31 35 38 45 48 53 55 63 66 68 73 90 103 110 117 138 146 153 159 162 163 172 175 176 192 201 208 213 219 ]
[0 26 28 34 41 43 44 47 52 56 69 73 77 83 94 103 131 132 137 163 177 179 187 191 192 198 200 201 202 203 204 ]
[1 9 12 14 15 36 44 45 50 54 62 71 96 101 103 104 115 125 133 145 148 183 186 191 197 200 206 207 214 215 221 ]
[8 13 15 19 34 42 45 55 66 67 80 81 103 122 127 128 129 131 132 134 145 146 151 152 162 169 171 182 199 204 217 ]
