102.92750125511226
105.59928501635189
103.98522316113912
104.04812094285157
104.91601102292996
103.37841044060646
105.83387991175307
103.45887591720724
106.86045427868255
104.56626695737245
105.17885601736975
104.82110687058825
102.64568026194584
102.38020109696707
108.32559009573346
105.91476367291263
105.64172322103676
103.72556072575706
103.94359513647913
101.2335395989651
105.61704036018023
101.9050212761208
103.59194154938511
104.10653623107567
106.54451529301777
104.79156626112683
106.29945471490907
105.0940677101783
103.43000611348428
103.94367483295564
103.74761707207868
103.4099990371663
105.02357245027846
105.8951796399299
103.81623632500397
104.40980435897485
104.81831521007234
105.02727989930808
104.00737251541504
102.78382464453112
106.39223525556352
105.23361050085917
103.34989378994891
104.50450021027551
103.1541599880259
104.3365648378972
104.13355294639098
104.24472822681659
103.64125041300696
102.89736820136568
103.05144631865801
102.85601275396998
105.42518130213405
104.2929194568368
106.54379618322581
103.53508276326805
106.86549356238238
103.84004121632303
107.21515760940072
104.74984231792136
105.92804302330566
103.94844144183689
107.39146036344981
103.86302230209483
102.80771058472256
104.12274476674939
103.06581847576432
102.32341683561494
103.89100786741749
103.88689455128232
104.26814516760301
104.87028787934327
105.20919820203669
103.75279197890357
105.24057188925735
103.58734690325507
105.9104676256407
105.10770973118969
103.32423188934321
102.558756019159
103.17214891280955
105.56555064057201
104.52994548966541
104.23949498121404
105.48905174381503
103.23440542366667
104.94876299935265
103.61689965087058
104.39968215141664
102.85322208904196
105.24286460522269
103.75645908591008
104.2137374988255
103.92602853339658
103.91717638327775
105.02968815692304
104.5416650932703
104.83468137604073
104.5611086802062
105.34058214461442
104.64553576405676
101.28075260307914
106.0021786964293
105.40277173993813
104.54696852046911
104.93079702387216
104.15387126085604
104.29833266463903
104.47592398470772
105.59061387747502
102.70874534251459
106.53859327298584
107.2559193042152
103.12960368977647
106.63961153502242
106.6702829586
106.01052736772952
105.73257432973325
103.65742419798603
101.94552537158917
104.66070052271398
103.34793548059672
104.90759527172406
105.20750539258846
106.38714373891301
105.89620617122598
104.41369596102783
106.06924047036868
104.27099510676035
106.12597429082837
105.8392831342765
104.6117288533514
101.7671217493566
105.05585329847537
104.61359350527853
103.26360422842826
104.88419159965194
104.47058729418254
102.63329986594484
105.34331908521445
102.75854457259477
106.6313127085983
105.50248955438205
105.83243251004241
105.40068700829661
104.8667547931667
104.14037298669963
104.98815524632008
102.76891307122428
103.72926841132232
103.4031706526284
105.79339847426144
104.94010227071695
103.65737387736593
103.96652101590017
104.74793627492886
104.4970125126916
103.73955216871789
104.17204840386889
102.3558827121507
104.92735230046398
103.42129731064891
105.35563635292506
104.35927232809873
105.53582935128581
104.19117300711758
103.8169935210441
105.75539331508756
104.79376280597475
104.16351126444022
105.52899473663955
105.8448098952253
102.14288089932147
105.67794673224996
105.83234708860147
103.62690273132641
103.86072713390963
104.33912212766931
105.31564140377633
105.89150377843178
105.28125125763967
104.56394528516765
103.34473681974234
103.84931248756175
104.79324111792045
106.37078570201994
104.11248418851078
105.4744365630366
105.45676559828874
104.52795128034934
105.21765256067096
103.09583675359535
103.86840581197804
105.06015100951497
103.00837313737149
104.88116777338554
104.10311416564426
103.09323201236714
105.94012584677273
105.21306108171312
104.2516818763564
103.96486548286616
104.92944051733133
103.60614343156233
102.04261768312243
102.63568370292475
103.64607214137561
104.64595560948354
104.70734934654803
103.66354641270179
104.52934747008803
104.28514428959738
103.80382247591352
104.71663938428442
104.91932163597211
103.01237136755564
104.15741553369867
105.91125956970271
103.14117261883831
103.72431598698637
104.89106782853564
104.91548977453797
103.52515775828454
105.23486675370405
105.54749281709731
104.86758607831848
104.13177749512971
103.82180972356588
105.4045774624167
104.67324504772635
104.30987123027478
104.44708815258176
104.35159882708734
105.78763792121254
105.69132388411911
104.1188970226816
105.52829069831094
102.00079478516248
104.39363594482492
102.84518173594311
105.18223188885946
104.49631004592187
104.5159458361113
103.42100838837054
107.11577098495243
104.73223995118364
104.12882480328396
104.91880067623377
104.59065910121969
103.3305892806276
105.81466600493883
103.38986175799769
103.66371715268401
104.84072671132603
104.6645339022526
106.20184281741517
104.41368893044006
103.92578594003227
105.39533679648515
106.93256748917581
104.28652403409504
104.6947368689872
103.25564687127773
104.38828612723955
103.41272570784292
102.42007759521141
106.35379739919274
100.8718471169784
103.50334665265558
104.30150225967247
101.55221538758485
104.78971628109159
106.58685710742223
103.76807118072284
103.75726573126387
105.29714741257885
104.20048078903653
107.12884772452354
102.8442871354106
105.81285006465488
103.19512825463211
103.09506612179598
106.79260630168193
103.40302949697464
103.71395204534304
103.73481863473633
103.82013699960217
104.19170057649042
105.1730054511484
104.47846064242422
104.4981763642894
104.38986747628036
105.14192789987514
104.00146743106808
107.83052144901967
102.17718775150162
104.0753277606631
104.34339273332749
106.35807070028821
103.571935739936
103.91880841642848
103.9701971754065
103.1058342654408
105.00915001531554
104.19042705654337
105.43856434200356
105.23978529731546
104.33556556833663
107.31815409789274
102.7298192239974
104.43970050423079
105.18594014905933
105.45702688331455
103.0793806853723
105.40761555298529
105.02572212899577
105.61646056854758
101.72994568637752
103.42503863372126
104.27004720285314
104.0485664383642
103.8618982713399
106.39763693860071
106.2218997212366
102.14572595675726
102.29789506567519
104.4562008086288
104.53388604791537
102.96772848092937
102.5339103095236
105.01384261393036
103.76991874061089
101.28100664503602
103.69936245852338
103.47090859244454
104.64980276154407
105.46753358958857
105.23988448726921
104.03325279588576
101.34744161554895
105.57361941670284
105.3267166321626
104.39448975565385
105.66458710272762
104.20803312098806
106.40319425674772
104.29684870146654
104.47700234671024
107.56634002149633
101.34164176551013
104.89832421430285
104.72233991474259
103.91913403915008
103.07425906187672
104.788979085009
103.89994165975237
103.0201582065597
105.12667280331006
106.29288601711093
104.37431554752452
104.70779011669318
104.90770391642185
105.12890596574694
105.2077735144299
101.07067581544318
102.55793903038203
102.7972747576245
107.58767389708163
102.40293396998253
105.5498888002495
103.61335236453706
102.76633643230176
105.30860677084573
105.17352215190874
103.97696219779108
104.02717476522692
106.03127400682294
103.37062392901052
104.50896561172478
101.73467679753918
105.84523377645802
103.83361319442555
106.38013154746889
104.38706155146224
103.82585160994493
104.47023335533771
104.4222277870908
102.93568626779971
106.50809631115189
103.61231522655501
104.00185200462003
103.35140876735463
102.51463781937794
104.21202139529333
104.27858011270374
104.55502139792998
103.67224674168106
104.49453822020416
102.85792291695908
106.49104471833482
103.67659841892973
103.1154202440161
103.97573615068188
104.12160148038922
104.71466124602871
102.82180145283643
102.839067224004
106.47794952230151
103.14328003919286
106.0593431761375
103.98625285025285
103.21015993325653
102.20398576756196
104.81246028197329
105.67202370994832
104.82701237989755
102.09517894929928
104.72896013053904
106.17521416221396
106.27252099019664
103.66226199340599
105.2044921222264
102.55348992851064
104.61163703475712
103.84524458493432
105.35808405987495
104.12938262917415
103.68825972384779
100.9753428266474
105.2653521119277
102.87751834374363
103.69552997969112
103.35477085429523
104.20772728039738
104.90098699496414
105.26924271572008
103.44622349184935
104.51785195661265
103.25383197869971
102.3856127505831
104.80758362254394
102.50472934248975
103.839706037294
102.40715354274091
106.2118965699537
103.15671566882106
101.57546337242913
103.89268330686386
105.57957934658349
102.80435531722492
103.45728311289207
104.21202512640932
104.79228476020248
101.884632822823
105.48381611414699
105.62942610696501
107.35198396992847
102.42339200752386
103.43606319403393
103.54751556193743
103.82002600825696
105.80692440705215
105.63119578515288
104.2854529632704
104.53289934414398
104.37956229303157
104.72921443575873
103.17689065604804
104.56103978819696
107.19088726671139
103.92696012168966
101.84396006006611
104.72588485309232
102.96522416445116
100.90832269901809
103.08650485439502
103.07007796959256
102.33727086205613
105.61416396377585
103.9331622948084
104.06888237678191
106.23752551325934
104.06114254155352
105.85889832448291
103.95990760083767
103.994021553521
103.59914474937725
104.28279854020195
104.25771092542743
104.93273143644228
104.42714567187697
102.4749548968284
103.82106251547731
104.96349389283469
103.55404499080917
102.98879468903547
104.47481768878083
104.61588181526633
103.34786799042867
105.56866111505745
104.82275749116445
105.61386520188186
104.05410777365061
102.98191187457175
101.49249108703951
102.13710373799567
102.97587865605881
104.03034940501776
104.9532869761152
104.37523001838768
103.76249665560981
106.05539612317996
104.27110487266384
102.9070930143381
104.4350828299524
103.53284831258055
104.4302620851444
102.69376086945609
102.41301855233667
102.69718919305944
102.85651522918255
103.78779067112204
103.59367771969278
106.02555859600079
104.31775494332139
105.7380704279114
103.88555051297641
104.65262129625118
105.80188096059221
106.62488715896608
103.59942357278624
104.45357592445257
104.29139431240738
103.73145410626677
106.52293814920658
103.7224704677194
104.62558519971283
103.06507969609565
105.94434893549317
106.60648311946856
103.20032636199575
103.91031747762332
106.09891252816784
101.57617487298963
102.60415550981811
102.65881658177263
102.98001158995268
102.76817972252094
102.94147348389501
106.31005181120898
105.06878449646057
106.86196834201833
103.8432359616438
104.37160222841649
101.92927319976599
103.74775234374118
105.15526386514195
103.85426249442322
103.39765562090768
106.05256442934
103.67075660185456
103.2811600404072
105.35632636883257
102.70490964706477
105.71287801982739
104.3944935963513
103.28993171762463
104.6166873273872
105.00286270139138
104.74054419120043
103.52270890874722
102.05295112235825
103.87138766185353
103.6361483992519
101.34509099779554
103.78539638781925
102.43433473184834
104.35859390911972
104.62170651357523
104.70830815514947
104.5031047822618
103.3071720351512
105.4651371988467
105.35373143381096
104.91290688947075
106.01109882983289
101.63678645749877
105.48151442319067
102.56654700755955
103.45526869247368
106.63106356039022
103.55312289467824
103.16917633058776
105.40524379535962
104.40611561630668
104.26925993872239
104.04149551525273
104.08632967502626
104.01120975836923
103.69588534576798
105.10803200766689
104.35720143713338
104.82179737293062
105.1100695738333
103.6593617804011
103.12828864913716
104.23659923165016
103.90090434246024
103.9488588858255
103.83902139087935
102.60912091555107
101.20301872297641
104.90019198128417
103.04506122864855
103.25321588352259
103.60799272203603
104.2598119766922
105.62465921210278
105.19413474478137
102.45369389293118
104.88076871369573
107.00213409810092
101.91178269167087
104.49200941627295
105.138640246827
103.76803992059945
102.4475582611652
103.83855578983678
104.82743301511285
103.01237060315798
104.87202958485233
106.58422495211354
104.22090842038824
102.55640981807404
105.43001757410407
101.9616461431836
105.28327853383726
103.99459697525779
101.60073537542628
105.36242789402924
106.28430814677851
103.20632058152694
104.38471113416279
103.95549220997312
105.31205838719661
106.94418678830309
104.01235611434736
103.18449151923423
104.4374946182294
104.15419985430499
102.12192449587329
102.66088702505748
102.95759311557468
105.21003611954112
104.74152920848603
104.82485389590694
104.58307077175002
105.52506669606979
103.69446040024378
104.80337346310246
103.23603347847495
101.71608329298897
105.28819946953233
104.57560050029508
103.26598678918481
103.98682885464247
105.86192403501632
104.73534479157709
105.7782047941101
103.05212814268125
104.73822030598414
104.41414527184708
104.60929434562514
105.35442107954684
106.08259643559303
103.76800231944983
103.87140150787519
105.5603097202564
102.6746911665318
106.01129408934077
104.32356878638139
103.20798727850891
106.8689425554594
106.37692445017647
105.75957839373237
103.56408317475857
103.334060316956
104.27488671148608
102.77996089354824
104.26682662703794
105.6960763516433
104.69137934972368
104.42246887838695
105.736035950072
103.45321470779344
104.01678364603873
103.68174427997907
105.82553766299701
103.843036038241
103.7327367361771
106.36652595829247
103.59169220473218
103.14722285188145
107.41779139132632
102.13769097716026
106.36578273656451
103.4540379493969
105.14750834506113
104.22573649646493
103.86094256576543
104.40825326511501
105.97242072674526
104.5569400815478
105.46669577231113
103.1561790643211
104.34374295041086
105.25658237911347
104.25789492476943
103.84659726815039
101.96489396870705
101.28564496473362
105.13777780979696
105.29769297202442
102.26335239413743
101.94666641152891
103.45958313473527
104.3809780323746
104.8522977317906
105.20829897636366
104.82332091506488
103.43993821052811
105.12105921106098
104.9608601967034
102.10045334809519
103.85095482137217
104.11503729013197
104.80075263878666
103.5836615041586
107.42412862362637
106.3145290701768
104.98693853902803
105.24408351082629
104.57975729622567
104.81572342351394
106.5262233821075
104.82581103806797
102.26206127166196
101.58645393709034
103.14768104281013
102.59144412962085
105.61620798589537
105.45229783148301
102.31865835714538
105.2208916677845
103.62037496221326
103.79962785031584
104.82337920706995
105.5257766624895
105.59356833999719
104.15631626702319
104.7060905800108
104.31658467185215
104.23181397520727
104.12280718008738
105.72924266100951
102.59578315555335
104.2685640308055
104.95551031764548
103.75307011275102
104.08126358662591
105.51475686897145
104.80415790216904
104.41267787819704
105.45345571890802
103.83868206913563
103.14384046964788
102.88466354439346
103.65091216049791
102.93990773284325
105.01973340457522
103.1725079792661
105.54926331046453
103.68130123000448
107.03478934614425
105.75377191802276
103.90179648008204
104.55956031920174
103.84867210538556
102.85970575294341
104.90556795276296
105.32152417893636
103.3581799236297
105.60083937894726
104.14763585381083
106.90060129352472
102.79196348599496
104.87306114620587
103.70638527402619
104.17551091689585
105.16453944881306
107.70766075040368
106.7041244142006
104.89134270300207
103.42331694955148
105.95103120247416
104.02075515838575
103.6298878820101
106.91386125467656
102.97562194539186
103.9666057143706
103.98895959848082
103.20737954760644
104.20859363830645
104.58057585522513
103.9909076419187
105.64926697222342
101.26629134018852
103.80999571016548
106.28810069385005
107.11573896844952
103.97913237359168
103.49616646611184
102.39348090172236
103.62446594243434
101.7034117697163
104.0576123338955
103.95847688491276
104.15613128412053
104.20139044098703
105.77013093981283
103.76398768277906
102.56326410126066
104.82347132500878
104.13079774042815
107.46442719367258
104.32463985186058
104.79639085331411
104.90261535980783
103.42728857682542
105.84704180014779
105.52827191978608
104.99591155084397
105.04295543597996
104.19323839495415
105.0738381099442
106.92373717249986
104.93000047738774
103.82730486223784
103.94042098445954
105.20189368193364
102.59599874777227
103.0217498322057
103.00764801797047
106.14197687210844
104.37283395371756
104.60246608135961
102.83586007459354
104.68783592146028
104.30241408721639
102.45040048284596
105.8479315336587
105.95202075670053
105.40821764578668
102.15248986595431
102.63851770733042
102.45460373464476
105.52028123917295
102.52059676035246
105.30075915420781
104.238561798644
102.8705516139162
105.213513613159
106.11753551013774
104.21192888981022
105.31651324877782
104.37605034405453
103.66785149242814
101.74350433458723
103.83288731597229
102.69813198672762
104.91818266605337
104.2524022383173
104.67519793145863
105.25171895098033
105.00890016418234
104.80151845167337
105.67867473150588
103.95395428059155
102.59664732450543
105.40914774002972
102.41362641687509
105.01902400610832
105.13017193526234
103.59362066649307
105.66799309308965
101.88921255250735
101.16704850669507
105.78327922941241
104.87171316029372
104.5726315877167
103.60792903648371
104.98769063819267
104.95978291982486
105.05147261153286
103.86520152371345
105.51346881477757
103.9572936988645
104.74604363295025
104.39874714070666
105.23969652829375
105.35071691128002
104.83414625356355
106.51701710338077
105.66456340773587
106.06564507108111
104.45035603686257
106.45741514789167
105.6333866918997
102.24941668405305
105.37049045341531
103.87745067583974
102.24522871218973
106.49351816089758
105.15173631283044
103.23670322848933
104.42727865435549
103.22598549366438
102.41080198882219
102.27714994334991
103.21524543628894
101.64635568480665
103.9318018152705
104.42460189270024
106.35356692126442
104.03262279588718
105.534584132762
104.92121910220881
103.18395197607954
101.90334475689586
103.39500365807724
104.99925040517321
104.37774916845726
102.26457691245128
100.92612747746017
103.18216505350757
105.37865260232664
102.85346508331415
105.55997411225596
102.16260243702355
104.74663493464799
105.60962890324693
104.66110826606837
104.40260745189998
102.931876777025
104.06329131956447
106.28926909307951
103.52657943373684
103.54363804912354
106.3543210169503
103.08189328995266
105.87077392401476
104.77652482975017
102.11493366079169
103.52052696229141
103.5144797307119
104.49137274917639
104.26392378808647
103.26362168796626
104.36981215738136
102.06010340437751
102.66361495458484
103.39704972883602
103.81400337905737
103.19423707918921
105.20613114854685
105.67522090214351
105.60805511265592
104.30214834275863
102.40906777227222
106.05914184287533
105.70244973380646
103.72299429929448
105.72578584221075
103.09032745752997
105.52430103285533
103.74635141126234
103.51827251565545
104.50694232055145
103.57691607815096
104.12750034531867
105.0179181177711
104.80306293723505
104.74318549121777
103.94080938935438
105.60726210217896
101.63038018351718
102.40304524329963
102.12773549115103
104.14139566928009
104.61928770941046
103.80911263172528
103.23661447550394
103.83463902413283
105.43156974907882
104.65016883987934
104.592418620402
104.70714163617792
106.58113951298851
103.8827568973664
103.52738319389029
104.67878038944
104.95662623001594
106.89969168433772
102.12999894351421
103.68090729525365
103.97558290498299
105.76773704806338
105.22207544584005
105.19436960997821
103.67446808936283
105.02642667647737
103.89761654107619
107.25169221309778
104.84322174812327
103.56559654586007
103.22424827297807
103.97128140670033
105.18011822770565
104.56647390334487
103.59478610167699
103.85430782641303
103.74295646992138
104.34611460513683
105.30918690057733
103.7380204627629
104.55908104185518
103.6343083269866
105.48575905937305
103.89152758033234
104.23603494045234
101.85138413089753
104.12882744125778
104.56673914132234
106.31736889041939
107.12088027919448
103.47243928009351
106.25518117936271
106.1944208313047
104.26005604539749
103.67494012096773
105.17401900104745
104.38066311923869
102.57621534998505
104.05359087243633
102.28033655424993
101.45608752676323
104.39869756310247
106.5982692120142
106.02143690356377
102.46864461622839
105.46439373657402
102.69438994603017
103.94744407257967
105.09895049280726
104.0201351891022
103.89352071922434
106.3100632905378
103.77077702423536
103.35172896712905
105.61298122273531
103.0275043462456
105.78478715752134
104.74462995026461
106.25475706159432
105.32255261053575
102.3740375352858
106.32430615351802
104.97111486422355
105.45241191650068
103.70840448262098
102.53608671409621
104.20378465747184
103.93962627814226
104.45533121272045
101.97137476745357
104.3007370842293
102.83248853825432
104.2105903773512
106.56785867389092
105.90320285555347
104.09994995346722
105.27757421346328
103.07447755132324
106.55133691023075
104.29308623985831
104.15731853537466
104.92377667528916
103.31715836300329
104.68121294608129
101.98193017200717
103.19005697714748
105.14374718373077
103.74977467674468
105.1938261753444
104.63294806794804
104.04575397072958
103.11555756431783
103.47268937177147
103.58894489932722
104.83321488844251
103.76582025004893
105.06534457191965
105.56598074389497
103.83786395380754
101.69951115258156
102.46917809765604
103.53815485483354
104.40955796767659
104.08878753964532
103.43836470591808
102.77557111401511
105.0075758986528
105.82621982912828
105.9397420269276
105.0091422871481
104.75578570634308
103.85662983671682
103.08053266608792
105.59535956965608
103.81626526253442
103.37160670121202
103.97498833187699
104.90442431360387
103.21982209635533
105.04988293296276
105.27071132011186
105.5609279348998
105.44609918768995
106.19443843917855
104.56286009169493
104.60214681035511
102.19996745189326
103.95183218032697
102.70379605194184
103.53229637068164
105.0904547858711
104.3186074258089
105.89278510004607
104.85574777524629
103.3341662795801
102.60909042917987
101.47202686482602
104.47697262206403
103.32068316375045
105.90292035982836
105.74581672042929
103.39924419965384
105.49692796389346
104.10277543991691
102.12643072043511
105.59936168196485
102.84117660880713
105.70225352414694
103.19184847140558
103.26922159054777
105.08176141665255
105.59242435873004
104.98346108149184
105.72847829272753
103.9326683575972
103.97760446824336
103.83161631239034
105.11343600394254
103.85110343658513
105.44768074119378
105.13346788175804
105.09491969420365
105.02483718499762
106.12148229047794
107.00165134221037
105.02353039637873
104.26201678024233
104.32286642251137
104.85748959835499
103.56044024650602
106.54305193784641
105.78571814846168
104.62473504650008
104.69726117874112
101.4804867907343
104.7440780083657
104.42961187003439
103.89488423764392
103.38527159000861
103.47472682301093
107.39601972835047
103.5158231048471
103.21708758124795
106.21875349512322
104.37200214604917
95.05904272241227
96.0213534104897
95.64605227238133
95.03991352075026
91.84015842975846
95.109380093806
95.83459414516892
92.5269970153705
92.8762007439757
92.98913445177786
91.72448684323186
94.41557254931875
94.05442042700247
94.18009777739495
94.26219095333232
96.40194361928582
93.84844789364735
96.54870275305537
96.50209575193084
95.67568591251516
92.72763603472717
90.77337976894235
93.87872445771328
96.76256580553647
94.13741966141943
93.21096644898344
92.88929311494485
94.36863483795169
94.71083729985237
94.95447988284306
93.09362219194755
95.17699106208902
93.80747902701566
94.18043615967787
94.45433742357055
94.71086886065666
93.35437305345614
94.50527071378438
92.38775671101776
93.85100335795224
94.65069773091182
95.01041880187695
94.72023735071876
97.15502499754815
91.45521051405919
96.59254101891261
94.12939683200379
95.66830716565539
92.60723250715964
93.93120709115588
95.88400489685449
95.36083541712219
94.93609070767322
95.12468328862523
95.45631326996956
94.0730735532355
94.34507608535895
93.03353577270033
92.55032172329118
97.10791931246321
94.3849721318713
94.02923953165626
94.50864481727032
94.3806888989514
91.8360240151782
94.75915911224934
94.7532996739367
94.56708766924723
93.0764161346716
95.316070814865
94.22109952782688
93.70052694890107
94.59530661373486
92.16218529906128
97.95672265637805
94.78633636043234
93.78292929430089
95.47659673885845
95.9371123385387
94.17486298295165
94.15346487524297
95.77437968931001
94.99428280380145
95.55325854987595
92.50601755571041
94.22414306138805
90.79047070552193
93.33802331936515
94.17084744022908
94.69506892360748
93.08073198411984
95.1933075395354
93.92556557567326
100.50973290128881
98.22895825896742
94.49317027175255
92.63976603155389
91.69238917919765
95.80855980381996
94.14737716132257
94.4890299117085
95.77160688081875
95.92360532859968
94.96408781646996
93.23577164955078
97.06172889471173
93.4969266596065
96.67245887272865
94.34427007878504
94.36635017756191
95.76203073116821
96.48250480195092
94.19694645069103
94.3715789971415
94.45707868996654
96.04172494547515
93.42097804632618
93.90482118433668
94.91468982434569
93.00732334406416
93.33157900858072
93.49529291591548
92.95697128875133
92.94757916383364
96.02773654005965
93.27991483257428
95.20964584507918
93.86216274224697
95.13943224968884
94.3762249514614
92.52209519763561
95.30302862687093
96.48348512326893
92.9011427984553
94.50229316832306
95.99421891244977
94.6519624415765
94.75454533345913
94.99896188647544
95.54005729633697
92.44009982451072
93.7149705290817
93.73518971372918
95.864397915905
93.3664455335
93.90170344272784
97.0326806228391
96.31221638098113
94.92513420681779
94.2347358706464
95.39464995977713
94.18146102319716
94.86790098343624
95.0863568859801
93.71493579041432
92.52824319740954
94.41255795462435
93.07848362326544
93.56011887474423
94.32930563374764
94.43214567996861
93.92791694312439
95.71858105729613
92.83021856178367
94.4020447429519
92.64676128063121
95.00485648307237
97.72768149901655
95.0236755985293
94.81718891285156
92.78664835362258
94.12286448986814
93.83488318905603
89.58266859299692
93.95984349165936
96.23470010298215
95.51224664578389
94.5289671581868
92.88218540452678
93.93414652497816
92.51688781994555
92.83931965030212
94.43415059619767
93.46130086060796
96.18373823739135
95.44046755191376
95.88815371070929
94.22635292172284
93.12262906340027
94.10882198193488
94.54353940574084
96.08489074048994
92.55389070141344
95.88831501465647
96.84594480261087
95.29294917480124
96.62601117101197
94.57851728950426
95.07670887092023
94.67502282826237
97.55632963516265
94.6654669511867
94.22425716912383
96.73574498583619
95.88318434534288
96.01034215764575
92.53269432921115
94.33388898897553
95.66341887455219
93.57741321327062
96.62401786641135
93.55566756119772
95.79734163573985
95.47854749510627
95.61959930703821
92.52985712288793
93.07325897045503
93.51788691577936
94.95895995351148
94.74392550701906
93.55126262601055
96.0525962707798
94.49022236407411
94.80911564120706
94.92238571606187
96.29194257530837
95.62099789554236
93.10200174919046
94.21457487243154
95.1039513281055
93.35329357559336
98.5028952531063
96.30645139656386
94.74300429154908
94.8581355999232
93.86159282764801
94.53674211294505
96.49717219697098
97.15609630223572
96.04428025743508
95.69623669073887
98.1884276006796
95.38842866602545
92.75761946030026
95.1992949997598
92.63738962473326
99.30243276818702
95.15315583540743
91.0812273178268
95.30389051732992
94.00404136920788
96.19265556577618
94.03354509514479
94.60178695945547
96.48725149506531
94.50564647003576
95.19613686267343
95.35067789893468
92.18463010640485
95.7609651848541
94.77023891766719
95.9303860786002
95.41625333899967
96.47925463378913
94.73983668635508
97.18917872964721
95.62553602435287
94.58150800478923
92.09470472873738
93.47820403732966
93.70807399020505
92.28407589149192
96.37073896017078
95.20716975251538
95.14100850051783
93.80730797298895
95.0505910364972
93.44348468836408
93.91449485349149
92.16763961595704
96.69580806008418
97.59891372354149
93.86643589901558
95.38459623129305
95.16960709273597
97.24025244318972
96.24862860741567
94.28858452283737
95.37630907396083
94.34776189951404
95.42480776824864
95.83319863162819
93.52463690010954
96.02228407001286
97.61474296962905
93.3974670872976
96.43512770089816
94.78426856046673
96.60458992557346
96.13421183714739
93.21280667893917
94.02637237083297
93.216552285044
94.80073772768642
93.02451437130385
93.52852836184476
91.51264046560777
98.64682081945975
95.30529964570206
95.99329678157345
96.82388616576893
96.60784272502728
93.74515386068491
93.97333435035644
94.8289710113124
94.15626228477782
96.49408994239087
96.31756642173856
95.62229118692944
97.4911224971353
96.40738660518868
95.6383325814373
97.80050743684845
95.07978745184786
95.10439532823176
95.30685267193788
96.65952463719812
93.91593677078241
95.0265932269723
93.82936402932054
97.57412757411637
97.97249717185886
92.53557619132624
93.6981663218144
95.25723959006586
95.90535398021186
95.39430222698617
95.97295861815951
97.6108912565733
89.72261913905946
94.35183285171401
93.1793677054453
93.55928949256848
93.45612743847855
95.73157435056575
94.35549236151628
97.3000842405
96.72336656898372
95.56088279935484
95.86228986612511
95.19806976382085
94.64007515290737
95.85444071000094
93.76325444632992
96.08067938500663
95.17624409053607
95.29179516014632
94.86923859251621
92.61492343296362
94.29930709528402
93.46809829639425
94.59243643407524
93.72942549638232
95.20223963068453
98.25418210090156
95.20680477534039
94.08127546151717
99.19851861225968
95.78379812848426
96.66126338400707
97.09657310910775
94.88281812668983
96.27381936509559
97.05732745276852
96.7207502522088
94.14632122877933
95.64948628486744
94.66653348774327
92.92386709337858
93.94004845818922
95.68816021316773
97.03521422563759
97.09392281939948
97.6678666106641
98.33236813158766
98.18435898042706
97.79307024162954
98.54746532550796
97.29784935950471
98.45662949407422
97.72120002273574
97.61011620276007
99.27526471683063
95.93136405995259
98.96326767789343
98.32316557328599
98.10383974475296
97.81275168052598
97.98263825015077
96.76526982224543
98.95243788798103
97.04156947072846
99.12655887464645
97.860626743905
98.04571291642681
97.94761173225305
94.80531451337062
97.38937174433822
96.64641111967491
97.03144457174204
98.42587636413532
97.88790927183238
98.52803027256435
96.02866638573984
98.3421049464055
98.03530033664009
97.20524869819566
98.8998695845346
96.68761215472978
99.65709869553677
97.05353393950898
98.00943922090215
98.02352699667995
98.3124824849196
98.94592624471896
99.46090275240616
98.72884747542612
96.89506929939179
99.44224017543814
96.8042365322306
97.84296083727813
98.4093308934561
98.57481111001624
98.84053353520274
95.87448306621197
97.97408358703885
98.8251136708464
97.36724000461798
97.07704932589685
96.57526510210312
97.61502968023231
98.19139304005941
98.10689160249798
98.18217579382957
98.82265432420458
98.59107590642843
95.6731997598364
97.42932513003124
99.75332557793085
99.18167116306897
97.12436276010634
98.30833150215321
97.10765329672445
99.66398465579098
98.31841365366927
97.145770504304
96.83082814354414
98.05236938364966
95.61316109138987
99.7853905506006
97.83335090980276
96.17837934325166
95.72100751345592
97.17657790514194
96.32146663395632
97.66408359050004
97.90471516024003
97.88647833407178
96.12234005024945
98.49559936454979
98.15901413113264
97.55423225621402
97.01305682246787
96.97513351531852
95.75020863813776
98.31193898614052
97.26855999900864
98.46410386681674
99.3637303127523
97.52450757524718
97.72303919563106
97.96117557622881
96.69526491410404
99.09371092488755
97.67818067402233
98.6506822866041
97.56547741742135
98.3660498360909
98.84476484921643
98.11246034651946
98.32219246697338
99.01352189564841
98.52614693432118
97.85859631122605
99.07962908120993
96.32051273514001
98.43519748693197
97.92223838509048
96.70577680946232
99.26526243685419
97.233072580045
96.77191233252881
98.24608612851684
100.05153441549088
99.08461648208528
99.1306601889362
96.85359603318977
98.28485429956773
97.41594134180036
98.10165199448748
96.54274912544653
99.62810927426749
98.19329763844722
99.29122033041682
96.7759854870494
98.7380028161346
97.07014716495543
97.52003080271425
98.50930659055436
98.18188528529238
100.59044277934844
98.42209033448945
97.71745302414426
97.32465538704075
98.63521371060459
99.78326111639461
98.91692938393587
97.0480441021755
96.55723228859802
99.17032588848346
99.63444180792726
98.36988071663711
96.57605364112091
98.55814282120949
98.25497063858299
98.68935899185963
97.20409464745906
98.47037617342278
97.65394982209506
99.21730138140867
98.00680740903785
98.4363300356429
98.03261416834971
98.06499335123021
97.65833250555879
94.84040467004807
98.76383285616676
97.68900510246011
98.2200208477708
99.28047142901363
97.6744587428639
97.27254602288437
96.25160399064715
97.20734116602283
98.56957621534599
97.06418283043364
96.26177180414888
96.14687089084879
98.7017619696649
95.46704748478089
98.22832600052115
98.43526713665712
98.4265416507087
98.86068012478856
98.09226670905812
98.28683403744584
98.1227048964612
96.78105275144618
99.27433823744026
98.331370400177
98.68234528899283
97.63124608572761
96.72751352930776
98.3782048082755
96.88129478634583
99.65021450462268
100.51362100608875
99.10184934005267
98.60029821478837
99.68992902272188
99.89046611392403
97.99384709044095
98.77849846180136
101.00707575137865
99.09200445383526
99.18211092960809
98.14702834474403
99.51823003011157
99.10553153856793
99.2594571999499
100.60154326359448
98.80952481580258
99.82649552278313
97.97633690311461
99.16920167063817
99.22310499463607
98.5483886390625
98.29673244486457
98.26758439637631
100.66613969999202
99.71372913521904
99.10791141992351
99.42534626770652
101.39998447069982
99.3295852643178
100.31067083034084
100.46986148121087
98.92894193627058
98.90640122107239
98.74954080579937
99.73573374170665
100.0992708475994
99.87673622860635
99.71520922562148
98.35516820879022
99.63180716565336
100.84670139060736
99.94662494028195
100.93536477042014
100.05409106113765
99.98655657805907
98.0226698997428
99.78317904253441
99.43049123072223
100.46946410266142
97.84571045458519
100.0336290399084
99.28191213556278
99.96020803852656
98.99013061029328
98.77729039808307
100.67023750901056
99.31875528063325
99.5342758065425
98.49300249447954
99.37801480199717
98.08247401703701
99.68744858565309
99.8908485372734
97.21579627569119
97.7841602872769
99.40618857619451
99.21164268568727
98.06953211347518
99.66393368970917
98.72751558997426
99.17322626853328
100.60329392137639
98.81048857427992
99.15243835597416
99.12663300251256
99.62432325798522
99.79983467868863
100.75130477773182
100.61976121234724
99.43749760232035
98.70427281292329
99.13719238139959
100.09497769087325
99.10158800157245
100.2084653143774
99.27191741002704
99.47198731927323
98.75045306231469
100.05279536163059
98.87002787989536
98.964334961475
100.0738173322254
99.30949532301474
99.86127870563696
99.54427962466883
100.7752752359851
99.99718221499059
100.42086221468654
100.49800039112307
100.43741876111397
100.07550363761155
99.04599369626622
98.76820371552091
99.2654045560232
99.21982904007972
99.70103362028276
99.02553902234197
98.13409388203236
98.3415305697019
99.2813492341789
101.10125514647277
99.43137993122718
98.56473150827428
99.37052716321307
98.99461232468397
99.2191017878488
99.47788690583684
99.52475565035851
99.46857390142465
99.9401042298201
99.71200693387809
99.26538692810394
97.52338015815707
98.42697388017974
100.09252728714972
98.88511340579285
99.6954199866065
99.47022332061358
100.57464834409166
98.11874753482583
99.29256201672987
101.04172240104651
99.17074949977156
99.5207498162883
99.42740110498416
99.29626360314998
97.81381334872457
99.79612467186675
99.93184185928543
97.46551693076788
99.98833406459599
99.6749064420335
99.62540256078489
99.6937695678206
98.7645275025602
100.3430043952506
100.80109928244453
98.11207216880571
100.43690325639547
100.1388932731506
98.62075364509217
98.85909728169776
99.74818017926194
98.43002507375405
99.07268806026816
101.38348920571384
99.1177856378974
98.7016669865711
100.53424990923011
100.34741717353215
98.43629794831293
100.00235158394139
100.20535651301417
97.89523263594194
99.26644028548228
100.21394609921107
99.66322420972435
99.2885482887836
99.84631279327672
98.51585408968043
100.26586096692093
99.16126661198363
98.90430126829519
98.96242295564605
99.56575058535658
99.59457115091067
100.35649925233555
99.79605143668884
98.7372581057021
100.5987962334796
99.61639485440142
98.91081998223581
99.72380273136103
99.99677577191406
99.2280592417665
99.03588682877968
100.05322678794953
99.92761577979223
99.91452740453823
100.72748416013319
99.97162547385692
98.52153050820263
