15.795220102091752
15.763978435170744
14.567062696695677
15.88863371102637
15.28800988821634
17.60165209137355
14.614370681230772
14.538359474203924
15.598248755021688
12.937881831759682
17.611087051961345
14.324250385896214
14.52399032123397
17.58160043810892
15.336302630783269
13.452777088784186
15.798267656758913
15.095143614615523
15.270527693614186
15.60700755641453
13.246133970189925
15.843974658458196
15.281405286445276
15.90180580519922
17.62661821235288
15.207116855393982
14.445355524963345
11.817639795229676
13.685903680474478
15.68816509756202
14.332986459821617
15.236901056480317
11.144739293076658
16.90218794657671
15.41563254518226
12.80962394428378
13.486363370531345
18.750783669657558
16.160391027847997
13.854953721072482
16.072278967190595
15.406463108552881
15.282597289794074
12.992038925097084
15.23290710264682
14.875982735618647
14.869202740661292
13.421607483717372
12.75647260585999
13.333708059251496
14.772778976418826
12.654880989434862
15.064624609530263
14.292509874651623
16.076111999275735
13.226293835920211
12.158148325140067
11.811343705432115
11.47224718107608
15.140943683068942
15.829487788245228
13.280225363787114
12.933277335323151
14.833492827181475
14.361763474753227
12.208370621273664
15.822746762869697
12.001558819354587
15.90483297637365
13.27821491770212
14.43940477720942
16.345510831195096
11.899897517122605
14.665440199940564
16.26364146608808
15.135061834006075
15.627605737985412
12.944152322253055
17.267983461411575
13.361722531368297
16.34314806058764
13.602227966136258
15.65978179153646
15.49858824234035
11.256371433416803
15.243234619136965
16.598862963259055
14.76280349312475
15.929979554005733
12.357015438597447
16.045117594959432
15.32116460599952
11.83790653556931
13.937190849664226
14.127303082607781
14.598754369342922
15.850020033834246
15.439787374285531
11.902814897002711
11.905412594279552
15.141803765433407
12.696661856213165
12.65656774383784
17.172721355800835
15.242864110769649
11.549475090049556
18.42330116848115
15.951464085425055
13.562187173171967
16.336859122986574
12.939107687769456
15.042804770791419
15.269395845155689
12.661866066143018
14.347728584069598
11.637192042632426
12.436197713325983
15.90292880962999
14.695593996660616
16.227344909460026
12.856945776176884
12.622942897425816
12.585849175578858
13.312254655655957
15.335956331906171
12.647414355550701
13.94656423614784
15.422989807389012
13.619880529212669
14.282630333957504
13.96475420553998
11.966734945687787
14.476642513183279
13.204069515880716
11.988376693130343
13.333220098240364
16.995915583977197
15.1508080026274
12.728014355452613
15.295912300942609
13.782436995466544
16.135554396103256
12.018034930298672
12.840073321025649
11.4746991122586
21.197392323057063
15.638755279991795
15.832284508218518
12.7731674601589
13.306761244896943
15.822814986699166
16.8480616964185
13.211535477576009
18.4694502459489
13.067839944143163
16.47313478843889
15.889279323713957
14.72633997707574
11.800307211428358
16.23621386430064
15.878739518485775
12.429648470250678
14.651472598971054
13.055152232210482
17.420902225292483
13.618224845170012
12.131099478394933
12.698759546533585
14.960330966235594
14.780446211240104
12.451184733485846
12.304878307561633
12.743161901798395
15.676367537420798
11.467647399316162
11.686635199701547
15.504322420996491
16.212865887686895
15.863472909182878
15.35668839799831
17.299719723032688
15.77317481280933
14.040410486152263
15.641938801228445
20.68681578330846
11.527840183431712
14.344367479353302
11.758437674518957
13.63151184755803
14.701250780051463
14.524429657465287
12.308599485013254
16.209965542382403
13.329139554987634
13.024630674678415
15.377974814109342
14.771007645154153
13.377445000988766
12.403792638478548
11.540773303101993
12.989451631379605
12.91681077801373
16.732865696213295
14.879918762273268
11.903117499594138
14.27436759057851
16.026528536477556
14.054416107888287
14.403087261117657
15.224832475933711
13.429711039942747
15.531155038079172
15.72253397419954
14.151382577112235
12.079802572756531
11.401396529708558
13.336166640159307
12.296229064936545
14.297747216196276
14.103733633792938
16.765506253655705
17.436218731589516
16.977245548786346
13.668456970228352
16.19733591398267
13.119257929305293
15.225631824764172
14.327839091358658
19.432926409300997
11.858529773882386
16.112054806822012
17.15195525797554
16.492332768519617
14.620159218985703
16.935424675411188
12.548093985137857
11.981397246505114
13.576179862956298
12.696082548342686
15.396338947236954
11.767211330884932
16.29609437191774
12.414630697784071
15.272980633748194
15.165158775307638
12.86222070951663
12.28871149036141
14.72469334152383
11.680268433854684
12.564766674576713
15.823126133973773
16.521092310549673
15.658230481186378
18.01429974913497
15.380521657558582
12.686288176517557
12.641712534169162
15.437230792784003
13.068789295327823
15.047065911014656
16.279952099633988
17.953714835690402
14.387335817885052
12.030197654705235
12.518266455264737
15.996745318951875
14.97365117315019
12.102572461596097
16.935097300722155
15.974449959373265
11.822352053030318
13.985250539137905
13.08480071529021
13.104526688369763
13.595755241674357
15.136068528380473
19.73406252782927
15.675920494403762
16.116796901523085
15.688986839770028
14.923217593220961
15.316350269035713
11.62682609778609
15.391290318374562
12.333756736149333
14.584000497157838
15.256623698015426
15.208762294904066
15.04769843673284
15.637649682980962
13.93503381562377
12.35505773996158
16.041747265352928
13.426601420727438
16.417586171930473
12.874361563062244
14.508123037007207
14.128826234525077
15.427554732881905
13.846521282744463
15.569965081284893
15.46566230664519
14.822613787072955
12.49328924517358
13.749380901020643
14.973922284428024
13.910108768992606
17.54075135740491
14.668382601817514
15.923224868362533
12.769591603793854
17.022949452804117
12.160477590540035
12.887548415990334
15.382810564899122
14.164618788481553
14.21682351793055
13.685505292973525
12.674601221513644
12.163036924942304
11.92810647766779
14.501895293984202
15.510941401996675
15.5532031938529
15.282244906471794
13.255845563893358
16.206555774131868
11.639520837633823
13.42056958534669
13.258528086594778
15.912260273177104
13.874984012629165
15.303057961300148
12.854575827982107
14.949179666916356
13.785618814181083
20.33811299711138
15.255198813963766
12.227670735308303
15.392438490465372
16.96107520226046
15.285585254851037
14.968863358915039
18.20557951534699
15.462236465997938
14.916772877519575
15.715748298377596
14.177147080734049
20.072463888620714
11.707084223497487
13.757500907832497
12.520467073336658
12.642904353100338
16.955160806159935
15.257440241784654
14.683955935044795
11.733184446037571
14.919593257739296
13.33372207899989
13.645540357124645
14.336348831406799
14.721172426910348
12.176660278346676
15.66577249510558
12.53939924615074
15.65011899633959
14.683177694013958
16.40194359790408
14.34548025528782
11.558916646908257
15.61771313571272
12.600796835939901
15.318547058437423
12.369292440457453
19.17135057293056
14.473682217451499
15.649079716173102
13.776612738156299
15.165904564182345
13.46469844526817
14.932706080355523
15.142179901210929
16.46583805396677
11.835331867777178
15.166836729782757
15.162341451342288
13.56789049127624
14.402276232504432
15.364419228835821
15.07143008886488
11.808362799026478
15.438937531108195
15.979456410054475
17.739186980398088
12.266193462539874
15.315875352230476
16.047469100055594
15.819726693110097
14.602544580457922
15.011073594018521
19.626158711791803
13.513609733895676
14.999379843626125
11.958028569681415
12.280466687609827
11.955188861693035
13.492118902877273
15.925231214496327
16.255426636545604
12.161441365053683
12.73510900295576
14.906866454616068
12.594497500124913
15.481417950055965
13.093161146554776
16.162043178555916
12.0135959085876
19.610606570554804
15.291718954241055
15.617526533142241
13.104024040766802
15.538524709721017
18.551349776700796
16.497101204204444
15.021457217565791
14.123936124636508
18.72445293711651
17.189184036331106
12.08575179706053
16.185141090218906
12.112950531232936
13.76523841244977
14.505808116091012
15.368868976168912
12.681806257663848
12.234627960946371
15.463500206465552
15.498918538311429
13.944258584221718
14.019742457075019
13.237178091840189
12.287368589297492
11.837022259750944
11.91067624607169
11.79791783791067
12.016451984308162
15.023708128194288
15.138878209705366
12.925314106208587
11.819238023828385
17.284180048694243
12.388748963354132
13.194212609108865
16.024853253385245
17.879766599025626
15.55177650705216
18.169084355639395
15.459217240817594
16.607754447785894
12.362117988232683
12.39817782346043
15.732137531248782
15.37297164953635
14.374977487853497
15.276087570889816
15.611722885169499
15.568765403223006
13.76859099787372
15.690136698346636
16.468854865681706
17.455582564585466
17.35787946856812
11.993246946051856
13.62711600629783
13.95457236560806
15.006750498828621
11.798363455032032
18.292504849939586
12.60972481110153
15.103962684489236
11.542566078928907
13.818380399029195
15.321400294393868
15.126282943119609
17.202932351383797
19.23162568080555
14.919935123911651
15.123118232480461
17.844658533793385
15.502092586094989
11.789575550400174
15.728214963071526
12.937217606255812
15.562591816172128
12.665991106160808
15.147587225021915
12.047743139297276
16.47728881810513
11.728016147510813
14.401413676538377
17.090177457848483
11.642697550118394
16.00134090320634
16.96502450564755
16.39424762734267
15.340621468331536
12.0527390848558
15.613048416231546
14.837978831286433
12.567440556377063
12.85463401842382
13.19729732659969
15.018121193646161
15.162094407900556
15.206731971806624
17.041917309091804
15.308158284560317
15.362919052948852
15.314878060482108
13.225634445365317
16.38624872009994
13.338979286866113
14.154883121596578
12.557061708978946
15.459876901317124
15.117432991312276
15.752143885932602
12.12085138175485
14.771121572481386
14.658476067996164
11.835972908778627
14.47919734271739
15.814475131363112
12.152953485175615
13.805492818484447
15.036106868403296
13.167134823496948
12.369445120876257
17.290883897882516
15.830025018161495
16.447182520950122
13.280107050527725
14.521293005031959
14.203228200013886
14.669868451929748
12.329327615526418
18.54193038737487
11.928956306145167
16.028962911904227
14.649808192509399
14.313320242060854
14.569121778251361
13.839758220799395
12.611941234298248
14.986491442556593
12.229783085493354
15.797622566587922
14.20808833402063
13.259755637108503
14.904999779440534
16.254028022650637
16.42534754793899
12.96576096272328
12.689638690584152
12.260309038312093
11.486962248051567
14.572551150896995
13.469484276345698
11.606071234735813
14.799737540046838
13.301518612704697
18.889048895230932
14.70785746787984
12.93367853185195
12.773728486630274
12.381518742171213
14.89383460069066
15.151063490525342
12.570880112082724
14.478692003686232
14.957712590130555
11.922762700427729
15.384742813903072
12.384783121180838
14.87435733615688
12.719793406719601
15.608015553739522
11.972312552446017
13.291060512501465
16.78487497639137
14.848812882849565
11.341420254554613
17.321905326062325
13.187764076764509
18.815530811334412
14.073137626332102
15.481134974577744
15.186060784911684
18.43649389604597
14.440951302055835
15.006082853580578
14.85038755944697
15.66039969480808
13.2402742699508
13.686522048799231
15.383259644528163
12.920006314459398
15.573070361340633
11.901384028732833
13.889315747530773
12.095223468782452
15.367517689448606
14.995941649670879
15.58899786059388
12.353191962819686
13.247653746462912
15.461966068336118
15.613645063367626
15.112534053432299
16.59973601499328
16.286257823247787
12.252854062828938
11.737736048025416
20.358942980942942
12.415670716957411
15.924783301509201
14.700702281951187
15.34012700192195
13.611304829128194
17.195027710946103
14.828081883172375
12.245019452978871
12.112291470758857
14.979353090749619
15.418725203321733
18.460089151300735
12.630633084222945
13.02611311573735
12.500523562298623
12.681450721869307
14.455134249354108
14.554256016687411
13.79548414536375
15.47939465620993
15.417798400532329
13.556570674340772
12.357081143389099
11.628202439912231
15.356680292977435
16.028769256027868
12.766588287974356
14.424648839012422
11.733065385753179
12.099388306925006
13.089044595093062
12.204141429398996
14.695520188184448
15.63610045868819
12.093470767706735
12.707022875238074
11.994225095785545
14.488629678694965
12.512654864882293
14.122082206349559
14.842845843535954
16.966654916457756
13.072870516114861
12.611979100047055
13.019710578217149
19.29297194904126
14.161115781086496
13.249963019923507
15.62380451393108
15.669409420430885
12.900670625196282
16.349192842620038
16.797840584299497
12.542229407186252
12.986163085643268
14.515075811231506
14.588953899709011
14.308095371423834
14.72151765669978
11.872294337731255
11.863552435941706
15.191837217921504
12.526836919492364
12.713041729221827
15.779834898893954
13.983695214363632
14.665469752196397
16.14357252286952
16.200604463770556
11.742864663354338
15.642318108187261
16.255726035883107
13.195276939335752
12.7858867088414
21.212945824708118
15.245709351286704
16.02709919542881
14.354324178777068
14.57512658442317
14.747290186497251
12.391049443568669
15.556469846010176
15.31256728228062
13.292973917498925
12.26399167381696
12.354324937829311
15.373671646713557
12.754609072465835
14.991473038285905
15.937214011448532
11.987650723804624
13.591821652539616
15.315553276207195
18.884729908010392
12.926453378144572
14.9772556516648
16.09223413529328
15.212623846239087
14.453666632532036
16.83846991937899
15.610238178981069
14.599595932436275
14.39280932223171
15.06090025287919
14.750398447971223
11.709976943534194
12.289158079016186
11.734484415213503
13.719295531256718
12.81633171301471
14.641264120047193
11.350412117058863
15.667907658285086
15.582747553139301
15.229309638683663
15.308200001697443
17.04215624216722
15.166660415844714
16.034486494989924
14.804692440657107
15.050792567540574
15.055094391894976
12.928393698760408
13.793466504318756
13.49659967647082
12.192990811623147
14.19044235786061
16.006115711990024
11.807068634996577
15.177692004072439
15.818514304932206
11.273385024176397
12.799688525050025
12.10837228758043
15.471759602263786
11.161675933578701
13.217362179087928
14.550647770975134
12.319999085288593
18.934807908045215
15.658809572566604
11.161703330286526
12.313819864145712
14.594261953384681
15.078176213788582
12.164813743299428
12.490527353403763
12.16802640920224
14.82497844729286
12.84790490001218
16.286608592247692
17.971800412680935
12.298120703309104
12.361805848042907
15.913905120679892
14.870333351650816
14.399940695568935
14.772943141511892
11.507927551654577
12.16382357835672
12.594577846072168
15.313699583765016
12.927751847925048
15.701940159851778
12.068627133437772
14.73582979789717
12.521932326138625
15.68918296256618
14.512198365784842
12.878637528858702
12.923433221521599
13.59965954315246
14.885903914604677
12.336214253314916
16.03690258500841
12.07627199893598
14.882094962382876
15.303865890895496
13.839508853428347
12.638002404402219
18.46021584754379
14.160797049971253
13.823802728821947
11.9836822142576
16.572735084757383
14.271861854886426
15.161613727376437
13.86453638814871
11.75327174402138
15.344427436462386
12.228999234424984
17.32895172964814
14.371073079466628
12.52219085559098
13.620170396297262
15.754799785678392
14.867965484167907
15.113524929318306
15.795233156988527
15.068508996577851
12.797533832311561
14.061689575003696
14.29835951878488
14.228786440543026
16.32838134732332
12.56882628776564
13.84157577807843
11.691632144857039
16.319859355530514
14.378131923223805
12.937112442774728
14.499259697549567
12.223686919098604
13.984664616287485
11.961187872073328
13.564866636946297
15.221063128064532
20.425600948443265
12.47194561416333
13.099647191849007
14.840094758906092
14.801287615600668
15.197558431216962
14.591494984784806
14.360716370201374
13.448371294317806
14.735503373359801
14.284884306185806
19.3834428527453
15.898157319027156
11.359066250760026
12.09700807410687
12.937412851063717
11.59936593960647
12.129631936408998
14.832852618732046
12.687227816377122
18.915498394057266
11.792965932082232
14.600575767319398
15.258913693152667
12.515312209232794
13.401099505082035
12.829720377621703
13.480024956889407
15.126531379048028
12.349558242084663
12.29946358432763
14.95825001515532
11.803016321003696
12.136787519236446
12.019831715204337
15.019995882970122
17.192199713476754
12.24269805873685
14.973551679842819
14.622182233532582
15.87430510053347
14.882635132290224
14.005603506743324
14.35833963597263
14.540212161703694
16.080286030235865
11.566065090902807
13.517774161775835
16.047004850072558
12.000471388815935
13.861249466089268
17.080457789860446
14.986595971266874
13.638174611707258
14.356792434928265
18.887173305200612
14.532931713445821
11.876477931680565
11.955966553480085
15.199695474654407
16.124354041696417
13.694928981368234
18.80569616697687
11.68110577271539
17.07982662321996
14.839728323762788
15.097836621057878
19.795692510550047
15.084725901871632
12.963863655513366
11.644835607852759
12.584385047991658
16.041888384924974
13.964035475274127
13.05155157434792
14.878684421716494
14.472929491534195
15.533745954667484
12.763940993047925
17.81912825926125
13.11257578927846
15.591086567905178
13.78953505335935
15.311474308522417
14.207154868142343
13.300461671209948
14.718556196998803
15.605895800122376
14.329397142306481
12.88648700170006
14.751164409193846
15.391044668755875
15.692306343612483
14.72851089990135
16.022671286884037
15.310651308800042
14.371493165438139
13.781161191680967
15.440000230976391
15.9569180949581
16.176004818025316
12.345988778863866
11.396068176730813
11.781578778660057
12.611962297998009
15.832621356360638
14.048437098801884
13.752688133073041
14.760385045767958
16.29008745296143
15.287366106341382
15.543914441694444
12.40098214063795
16.0638063244845
14.912638349348741
14.302159747251318
14.456057474708905
14.721157952799697
11.200204187993512
12.226046359497975
14.680194006644026
12.829530586497258
12.225117621659894
16.94220733373319
13.722032411720564
11.807682366153575
13.016991846852807
12.524923208468557
12.356377695731448
12.615096152094367
15.714855930901946
15.286555089755396
13.726846637766528
15.178704634556109
15.3384996807751
15.233523060178884
15.60416676062945
11.886579568655707
12.5874510270484
16.57235223911839
12.69980407191144
11.40115637920956
12.0645721012895
15.052585522439669
13.071272156552912
14.314255711142156
14.244055535474748
13.068081115620883
14.654830859914156
15.756193078189495
12.388296554853367
13.158073685448235
13.504852140571897
15.488772703915773
15.069650603134026
15.903975613500936
13.199404130892471
12.147163216835024
12.540255141700628
11.874270073212422
14.691346778631525
13.591946905514321
15.91855501993328
14.117470179526775
12.291991562241625
16.120416533019014
12.797479340913174
15.457092705705854
14.107602552478342
16.920685408299995
12.176542944638863
12.571035286148511
12.87399066715065
16.762702017996116
14.90314150863042
14.885956446899915
13.927381836683498
13.924460248607062
14.516688568731611
18.011340454336523
14.029373297241523
16.716951008639377
12.161816057562856
15.67776863560823
14.714309337114077
12.920975803246625
14.754918173773918
12.646882420291105
13.46801384915942
11.630662911768855
14.94871573365054
15.953873739535785
11.515115820501084
15.839723681249595
16.217740979566464
13.098139535021087
15.181365186169609
12.179705340703213
15.463776930453637
17.767152895889414
17.130665035912415
11.981142242369339
15.31841344519716
14.179899444260036
15.314866316554088
11.853030251950996
14.668843370583836
12.094732833715794
15.154481518814467
14.953167291750866
13.076774666584333
13.280816054768527
11.775529227160307
12.429665291008757
14.767553571237974
14.360426174372323
13.872439165701145
13.904130188877629
14.377709125778699
14.62151031327023
17.38912482250522
14.111165970008386
18.80219778204961
13.751128328821444
11.91133687543192
12.224941019068181
14.36587225662032
13.339008346005262
15.777894765368458
12.712167990598775
14.446131633164285
12.33556350232473
13.254338488381855
14.658802273370558
13.468820124341605
14.065834745942254
15.430217517552274
12.32168236782937
14.522301079865809
15.395739483054873
12.81031883122194
15.290081425979706
12.192744289361654
11.922335864503957
13.583754729939509
12.62695972171723
14.29390168246723
15.627077282606171
13.144709890493097
11.92425321443491
12.874834057047552
12.780625366278622
12.204000808289077
17.71597018485016
14.843037806244723
12.465012676860693
13.616926960715034
14.42067155626473
12.85414358915654
15.034009931789681
12.517708209757657
11.513658810365028
14.574577011889787
14.419915742020429
14.670875624720876
13.639538843742855
11.436562868236807
14.958300636456354
15.42680663344148
13.5437450019901
15.067269486982205
14.909811101577121
13.84206637171794
15.144765525815286
14.198483457984478
14.628747133396773
13.805837458939301
12.496980820924062
13.539317487671406
14.08508343552375
14.720488432639158
17.312730621503466
12.31454894986198
11.83883187905405
14.620581142451645
14.387937529823954
12.013988063307455
11.799529122742515
13.759923444449614
14.942106764656357
20.026080195855364
15.491154821000922
11.934636723055256
18.438422401906728
13.259818976543695
15.025626409567868
13.906728698661096
12.1053020295003
15.283765893486562
15.307061638485978
14.51995501909859
11.573793918537302
19.918484633874005
14.156316148087186
12.205903657382185
13.0012715608439
15.088672865293088
15.441904412420003
12.465550381184613
19.35118666840089
14.294204795548016
15.06750910561009
14.658326556085932
11.950081530563208
15.591567649337172
11.714572482352434
14.587471530813495
15.434476784199372
12.67789162879888
17.35512763290417
15.522903069767503
15.346757164242772
12.429001918102301
15.346371699338995
15.714448994708738
16.95689691232234
13.44014233143637
14.88358099958545
12.370653311548695
14.856323939999012
14.511238215478386
14.954759443922551
12.054423048939965
14.988604927310933
14.367988269766991
13.75565016339956
13.67771749579968
13.963201550812155
12.579934680587723
15.426684728047531
15.406026447713451
17.544731644288944
14.409844348199025
11.855361807871292
12.026444323105668
13.329726672543522
12.391561091553422
12.256259511965304
18.65923002470064
12.2630071282663
16.065585120653807
14.841134620389
12.150091363764297
13.516588976533631
15.945166740785847
11.341298497496577
11.639600475310498
11.803499349511604
14.888603272764133
10.584268764662479
10.414462626511943
10.450248645670055
10.229593407959474
10.517827127051577
10.427775007704815
10.497164808238834
10.542020682519224
10.111668316930436
10.404742128644605
10.52654885382049
10.382803724074412
10.410609837686714
10.190125716811755
10.613851190151621
10.347617618115201
10.298617087394693
10.337508418681175
10.526312825990805
10.44912915185591
10.579812180513759
10.415687432143084
10.638541560012644
10.624373077470507
10.358168980181064
10.340382537928836
10.48585069488607
10.477803924588486
10.454569583975587
10.417015375334183
10.397694665325641
10.418364323425218
10.29655063982498
10.470101355083452
10.272701515003732
10.449854942109443
10.452292002282519
10.61599996548985
10.526663191410115
10.388018713668668
10.405596935061434
10.474606588066461
10.44160777132868
10.502804941925628
10.642743591715131
10.16801744891123
10.374827301081677
10.508992175880573
10.46663480224148
10.3740746834095
10.39096125051794
10.429352120485742
10.593617874837895
10.402915652501708
10.448756081687273
10.316098677962316
10.299203098444844
10.073896861656939
10.3475257968482
10.30680613722444
10.601434878150446
10.605239501903556
10.616936807012447
10.527646083883969
10.556959029790328
10.314834552623141
10.37821955901259
10.451877450176042
10.364866520415742
10.62855765898955
10.123618596244889
10.343383541846254
10.39590573153253
10.264235687731516
10.405234522360475
10.442799240133647
10.359673296110026
10.360358586650014
10.415663034226164
10.379471070453654
10.522426681630366
10.354374077107567
10.529401976186369
10.425297858080588
10.313507991227853
10.347355262665358
10.511878553554695
10.39591806345877
10.321418444829735
10.247292719566843
10.314713314072623
10.343152177911518
10.39270362287043
10.353345561317525
10.547163225387726
10.55381557395036
10.36236617158914
10.493188495688202
10.521424490787764
10.250585613817265
10.268513873221242
10.411579902444922
10.298558497381462
10.49934329218697
10.36877716692915
10.547315146754286
10.563459350077634
10.374992437708162
10.356338445514114
10.34523371431729
10.390183938257012
10.345305621153772
10.37848333634903
10.355179308592916
10.34919545787574
10.523678012662888
10.500195208058019
10.473570579308232
10.388708368759056
10.548646633970998
10.394013350144041
10.402427889271795
10.394086737666944
10.358102229019856
10.487864822641717
10.18174589363327
10.336685479094982
10.319277548667614
10.377844227723536
10.352512716634095
10.3773113383032
10.357523299339139
10.255116267032276
10.304688846518005
10.422228595588349
10.462724385581922
10.650654096098679
10.456866429292054
10.21956510638921
10.426934592544345
10.379204323726219
10.488072968665044
10.478786210355088
10.434837611977864
10.623730676054999
10.424711073278237
10.401555052691462
10.440599617649617
10.408680475219464
10.39430804950489
10.518480743196712
10.424135702323092
10.426553285055231
10.439128748128317
10.490324341673956
10.348471714925092
10.407012993794405
10.522377986023495
10.360260015430757
10.6697563006244
10.445769670816508
10.601139932899434
10.451271898876056
10.527546800385052
10.39752113636097
10.645253409985743
10.602087345026339
10.28644762372675
10.33679528108018
10.485953444901746
10.306571151755232
10.657107184092856
10.549831554614006
10.424953570424664
10.428080117306822
10.276519561152503
10.33281350281885
10.64028886486836
10.513620643935317
10.384042812716785
10.551510530067844
10.74261220498357
10.296244096309142
10.445125214079962
10.340254307544976
10.287854878522783
10.528449846710135
10.447535454852549
10.370668614202287
10.454596936583547
10.271048239081047
10.49963637722544
10.609970903055238
10.676805780509977
10.4750695417807
10.6763565498723
10.440815858002942
10.525241280758525
10.470395322119249
10.546313376864953
10.52611263932516
10.52076220835073
10.612359258266924
10.473182921438378
10.453681404650874
10.651545795394536
10.527938468670017
10.613099797921183
10.598441337801303
10.618501912602515
10.551471579195058
10.556832099684343
10.467722812760192
10.296911626630264
10.478546753426713
10.483533679894405
10.499492258862489
10.446882329151382
10.530459783642128
10.72580928062148
10.58641197940848
10.628787606383128
10.49949871080656
10.510177365131854
10.494726124388865
10.589348506648701
10.451186506835015
10.524711571873997
10.5813065445729
10.457687528711102
10.30443128191727
10.326876772140599
10.640027728178458
10.49558582321813
10.694987918834956
10.606990238530685
10.626530389473755
10.602215393665293
10.392083290097089
10.62248884653912
10.60201353254109
10.59314995922052
10.607762599579353
10.369025311531178
10.5686438733461
10.628877755864288
10.432999103253275
10.38937428208508
10.539053948206972
10.562659282285715
10.44970319313327
10.551318826612835
10.601672727438242
10.525061458876577
10.61950061821932
10.53454753922753
10.486678116622308
10.421288514730122
10.612254871210757
10.706504697800396
10.479313744982573
10.28123149020869
10.57602835452485
10.560767323186855
10.562707490121339
10.49268428454453
10.366437416451886
10.471976737978036
10.463496539494853
10.494777710541518
10.537470112200978
10.516663908888212
10.59040342756776
10.579328535944082
10.550243007702607
10.61856677816035
10.914512508137946
10.440914994502304
10.621664777729078
10.480623343965664
10.525984157705699
10.516009238355366
10.666722796441904
10.544686667770794
10.526448237971069
10.726897574448422
10.656559307399787
10.514969839252874
10.485652138579114
10.466201418155748
10.559264744525352
10.534039123896608
10.41364896393398
10.541831515474705
10.552571705149754
10.493372293239913
10.578712451457859
10.528367335860354
10.568173839598783
10.549902094354634
10.61966429821386
10.50127204260153
10.58445221075162
10.546351247959198
10.42404622636716
10.397403201291345
10.522278681142826
10.559739208304688
10.40307466325586
10.456315104791258
10.56428349639653
10.39203750641775
10.44929921564018
10.384219722671203
10.522384014341576
10.549290618972615
10.436566831879333
10.496293316036244
10.560044196297971
10.480308946664552
10.652727105193946
10.555203546413958
10.606227195917395
10.471834211219349
10.56353949156187
10.5167287397007
10.4783952570225
10.514890416730093
10.508030133288946
10.574948633444638
10.608620398105288
10.429657887576662
10.572684528937971
10.453643839582973
10.516751092987457
10.420255242836323
10.487907865447552
10.527704347825459
10.45760434433609
10.428442864097674
10.488981118547377
10.42325182206716
10.467743164180291
10.563527476352853
10.566177653806907
10.591721643397447
10.502639487245563
10.400212980170485
10.458618408733594
10.547967779338768
10.559598688758097
10.503457037293556
10.55784605583672
10.518378177598658
10.502622989886502
10.534822362912289
10.549642204488222
10.513981904694312
10.383439163056488
10.648177912662431
10.600015469163997
10.564754702131202
10.473757422423436
10.470406498094446
10.51783395852177
10.440154274481971
10.435402694300574
10.51585823774056
10.57122532316312
10.471371062396608
10.541393885774577
10.546952485490445
10.442042275283743
10.512381858646568
10.68908886013337
10.418400838114485
10.594374649924738
10.532310187303372
10.326242148337867
10.534657500239518
10.651964519615634
10.553839230187709
10.511096820616267
10.649973572353325
10.838724367589176
10.857693303655408
10.782878011501857
10.794245916000587
10.710784310522158
10.782602876445315
10.79937358652328
10.735318030976412
10.838574103308499
10.66304335884552
10.695684179550767
10.696562203879003
10.768887753891969
10.69751313597705
10.671282757358945
10.832334286276653
10.77736618437142
10.683193016712945
10.615917565557917
10.719368640816825
10.811577811576718
10.755413694571216
10.730654327128525
10.745289614773222
10.798162240705867
10.769759667047827
10.70750530238417
10.88030620365287
10.770039269554458
10.893442249525947
10.711041520987603
10.63658838896305
10.781933538029678
10.760291004807689
10.643650198102145
10.582716369188413
10.64547626531901
10.986199513469161
10.77102665754195
10.864100505070557
10.695517258884239
10.866261556207922
10.897390430370983
10.745134722679307
10.819143727623436
10.925122996097233
10.764536950622459
10.7387168531056
10.67976846966177
10.68589555139913
10.775470288357226
10.699105659656698
10.773753845389736
10.681771044588816
10.841332014063116
10.726470630279525
10.708481097452275
10.854574884512239
10.678259508546894
10.807435406902497
10.834211558783688
10.752665929458558
10.74691366718453
10.871333350863699
10.863357764432063
10.811047961038073
10.905428829712134
10.641879635244234
10.746914232464633
10.815203874971326
10.87893184735707
10.930116081846245
10.735825695273247
10.90294165338195
10.654820849244516
10.831078995610687
10.75797358356271
10.729430021295865
10.658951428472779
10.845778905595775
10.774702233059136
10.771905399495283
10.82520103401785
10.71749881985083
10.835085306761256
10.641337737423942
10.76994291401939
10.693755667008212
10.964853636038452
10.853724806135618
10.701195688627624
10.712352348085153
10.775658352905088
10.824704747486512
10.630283286756457
10.697793831625821
10.737671918801711
10.648992605573634
10.720774883988653
10.867106366655063
10.886662527185948
10.607529355386683
10.792508321133607
10.635569460216661
10.857064231090387
10.544443880634336
10.791265485338961
10.688730992391358
10.854972145462062
10.764927924000439
10.768873247708687
10.634483709482007
10.80886408487902
10.708949948521358
10.8329990316244
10.750232067193966
10.836337467673077
10.746176280002528
10.833041628086132
10.7609091860421
10.765761946016662
10.7169221125361
10.733046926618247
10.79931172376543
10.710997272785425
10.568276108525009
10.732714666198579
10.734672098898885
10.676651969530964
10.729285829433138
10.70505730811698
10.79994021635039
10.901735858802246
10.664947953224244
10.725996214609134
10.860906506774771
10.790148017445945
10.687337534171666
10.704123381194638
10.771447797901176
10.624186043255884
10.6553836410469
10.60557438158801
10.835634048078976
10.699476365805232
10.831274684089973
10.700177362579408
10.735826725606486
10.761383228868167
10.814210631056136
10.575731074653646
10.684989268411135
10.834380022945535
10.772154992711101
10.80912695349094
10.750622057011295
10.882775770772819
10.868863491081001
10.874683100532613
10.78550398213841
10.674602003284
10.939990524328554
10.75767898710155
10.751505743495088
10.681420222134527
10.760573694304957
10.61688639151079
10.567586754115526
10.903164917641249
10.891540056585393
10.798832859353984
10.675907603879217
10.83757504890184
10.861805966310731
10.93580896699125
10.763351331063392
10.744082832623786
10.706026076606394
10.878571473940838
10.757491118998546
10.83036692442464
10.82984453745427
10.734629567918772
10.577655555399335
10.632248852541192
10.751305777328772
10.785742079989088
10.754915045356132
10.805475115729042
10.747012624611706
10.651931869678284
10.897298349850223
11.008227192204988
10.97972797302185
10.992411801493583
11.019900326578087
10.671280708719703
10.989884530366808
10.683685232692993
10.995645528423433
10.800164032526196
10.796936372668855
10.997801632357618
10.920673716489997
10.939192220531288
10.866901497385435
10.764758829076868
11.0794663366671
10.946481494107852
11.106547118397206
10.896899779268008
11.038259949492103
10.824839439168958
10.884660214185379
10.974283975494805
10.859606012409524
10.776767189251553
10.883533922310033
10.844118175459334
10.590452613618599
10.849431454300975
10.708705571116996
11.033932148980108
10.847099518854556
10.93427391880094
10.886531388883634
10.924669600026736
10.85720859935258
10.842084858916424
11.075710535475023
10.890404271211564
10.96924823314788
11.019441693314377
10.693362830744972
11.090690982082092
10.768926040594042
10.912531754626542
10.936370465197557
10.994462504074678
10.662092032521395
10.769553179446744
10.827464557208097
10.856931650856083
10.83302552228043
10.694051965991482
10.995963946830534
10.9335020495326
10.84295094420814
11.18177382087585
10.945009339008633
10.994922262553153
10.913544743254581
10.95103231967078
11.06581806550193
10.781312026587186
10.950149696929216
10.83215284205417
10.771968291250015
10.97018698700104
10.771152916795424
10.95351244403144
10.704970144063132
10.717819317633442
11.027310702396491
10.81088603702003
10.758243003009312
10.838368397477772
10.791480485550593
10.816829854413152
10.914261825789067
10.97724371262828
10.939220130401193
10.8698594625061
10.912941283357345
10.93265080718678
10.772194913780947
10.978962901814713
10.877813632439047
10.779514990445918
10.931405551244927
10.741486867268968
10.955829330732586
10.977491712903472
10.99244154484884
10.926788072075041
10.697786734220072
10.754003877973858
10.938943013523389
10.82890038738111
10.895918138963086
10.93847860852264
10.778477162902297
10.904997527674634
10.991936227199432
10.912243627482127
10.84568748523665
11.207475248325311
10.664453728695744
10.885016279178314
10.743078368633533
10.849558079716974
10.942211743719819
10.890340858276597
10.79814181177691
10.849616691111958
10.83528437890301
11.051886026397305
10.652273643641829
10.829100071575553
10.778433109808617
11.018762356256335
10.749369463118967
11.067116104974621
10.931761260766212
10.777907598429543
10.841795983410641
10.962022896359239
10.785366792799902
10.70920674872441
10.990021914813815
10.974884325683291
11.182798632277127
10.84224288744628
11.020949813859076
10.918675527495106
10.979034008171805
10.934207920010177
10.913703300982835
10.950087437272567
10.810328987554776
10.796135402834219
10.939613034818773
10.921639924514446
10.79535067645032
10.912991721577114
10.886884964238664
10.849995726789778
10.969725479227867
11.167546582611894
10.948080930775626
10.65678435436277
11.109537900500168
10.884270864484293
10.716337023574061
10.71844672776714
10.626555748233217
10.983503792880494
10.843610358817505
10.69809459672282
10.955941097166372
11.136513101805
11.009853295928254
10.892006968596721
10.99397739084582
10.912265475624963
10.923984592794978
10.979127829969102
10.661096449976936
10.833821968537874
10.708897166326878
11.03458574107077
10.787088844468563
10.958457088081904
10.667889169750246
11.02721840672184
10.948308754693825
10.762923132052844
10.8440628127545
10.989658888723808
10.73705489218198
10.874439629180047
10.909212059684668
10.971650715016724
10.886191493841663
10.909179534028759
10.794780030862663
11.042438852819274
10.951948510428728
10.8843941931012
10.642675270331413
10.919546551971841
10.84341566191703
11.044090797727813
10.826891842935805
14.006030894583601
14.853315747803391
16.125875257228675
12.591057310984809
14.748835591474336
17.10204923004647
15.308918359118973
12.87145451190536
12.128393797918289
15.739282734571342
14.960840153982355
15.223610162613193
15.298052470125118
13.43217375821983
13.768061325070901
14.301261281966891
15.560864189211284
18.75140072166812
13.142895079433007
12.332109802589233
14.89992337835327
15.99575039790541
14.35832624030416
15.03975048220832
15.295000689888955
12.339008768294892
15.026426353078344
15.69854972070626
17.298401388267
15.388685585164515
14.936310427906895
16.92523146439557
12.75558229236902
14.510183305250205
12.343671354946167
15.078399989873603
13.800101222289399
11.819411876192074
12.213371185290908
13.238476349139491
13.249870383477164
15.301843136938736
12.249854065190286
15.087427538524178
15.454510965898805
17.321467383654053
15.832505885538083
11.949739169937805
18.337478179536514
18.279407057359595
13.750101065200333
15.183080519958644
12.705278947363025
15.228826169177092
11.968032267535383
12.46847317332103
19.18154372514636
17.110493356175407
15.513658083385415
14.848846584501908
13.646751498479045
12.011661723198612
14.559601839893995
14.446945343851196
15.992988518162829
13.809448016553658
14.075651350781778
13.236296389850375
13.262806269411785
13.167427364637067
16.318434758796162
12.208418253138307
14.459618109938292
16.595330771107047
11.640423468351074
15.130739571368197
15.024602967935165
15.317640411959623
14.60864132950545
15.019412889419911
14.811897403307533
11.476242337633204
14.363829524087782
14.295021078727125
15.250753953697672
15.451070421287051
12.158967977281685
16.607012390027148
13.387527483921994
13.16829008631171
15.267262971160148
14.66348002235767
15.240211884676354
14.372256373760019
14.17892346210159
13.727271541314343
12.135454348206657
16.12727859381841
14.484114019434482
14.20686660201653
15.048683054446915
15.329532031770148
13.06851467744244
12.183218469685759
12.577258810284313
15.407727653508966
15.105451280820413
14.758987271106811
14.482683952980354
14.119157309446793
13.024685474775866
14.65960774940971
11.989973136352647
15.195195345228647
15.944979098527613
14.174474727729063
12.417630825049605
11.55468420634344
19.059162318576877
18.019052938293306
14.696484899486162
14.963270604520927
16.874129155430673
12.084466649448744
12.082170231767343
12.641573019564976
19.014380036282404
12.924876710371386
12.981831055553192
12.863475851846681
15.26218585111143
13.640257722344622
15.313101990486354
14.369568500274827
14.600862113096488
16.252569017329723
15.440599451941027
12.623277138330387
12.619627568370698
15.833301957614847
14.457785324841801
19.18493211431628
15.783918255183607
15.660680402484084
12.624579611844176
15.640609335923783
15.40327619162653
12.735556482962378
14.13675832646134
14.221422789201107
14.02068890835938
13.583173067403443
12.77384389197121
20.559703701230546
14.413990332980571
13.0194194763363
11.911265166376653
14.450904176818472
18.055188399446255
19.31845791790775
16.694100145763556
14.914364371341728
14.55294706717508
13.558972699174639
13.002023331264102
18.577921802328287
12.333816180096338
11.893589506997559
18.062413912634362
11.521592594132525
15.135535791305129
15.089908725290707
17.379835785702173
15.849825314215657
15.387534662845678
12.091141257752962
14.341227202712783
11.408572056366435
15.289809208196138
14.01199328069314
15.581316096871205
16.03812071953251
14.577162596403362
14.985075606995672
12.255304636270123
14.892019952666438
15.462870642120205
16.003511903540804
14.922007663944704
14.713602278612829
12.638423054317476
14.44832183965869
15.669945169660734
14.442267270128703
13.550744753262848
14.84521525985962
13.104829297642986
14.94844139372795
17.38918522194933
15.33644131951723
12.11243445588888
13.861973604602355
20.74391854458564
15.180512920172351
15.420306088645763
12.830340846703722
15.62502056507059
12.990386230490818
15.548514872925121
13.610360247410888
15.923361974846749
15.650920715871953
14.060421082441401
14.251578539678873
14.883924108572218
15.93057565056166
15.284029738977342
14.591646104335615
17.91062815449935
14.598348897799816
14.965518712803377
15.508159704041468
16.868434194919235
14.41507590731576
14.898147083849103
16.415611770136174
16.621228827832944
16.932479444460995
14.635147981758461
17.869126878200444
11.981730883375153
14.964242382492122
16.121299968267206
12.6302188782336
14.993364095342047
13.074779438962278
14.871453286463623
14.522032929960812
13.30915415575845
16.64667500392011
15.289713854930756
13.039906065200139
12.801760903383569
14.759512976258026
11.934885573255144
12.960631268952175
12.91429655643829
12.81414098801279
14.122185529663497
15.265775196690115
20.61052314028963
14.38121323967949
12.051198369164494
14.252052275142235
14.82669348173735
16.147090848954484
15.379500240510648
12.874419263059991
13.006840021557137
12.127202907757024
10.935014163119732
14.503996694038825
13.41368938212959
14.506982643865536
14.670808717205597
15.331500541555044
16.48389529746141
12.168714964468691
16.144145493722853
16.045172659656078
15.736547036785726
15.817113675806988
11.725045160902367
17.08714865898808
15.540374704456228
12.021365898769995
13.539298024930426
12.823723160635973
15.25406127929524
15.800376250437175
13.99110069376052
12.850074430351103
15.275964840962006
17.46218341653154
11.048368005002327
14.7996179091369
15.944521213625274
14.971776235263349
14.980589835417282
12.73010084975244
11.978529318611404
14.6434234205535
14.197047515557262
16.22005727960575
14.225968133017021
12.8597272589782
12.974446768146581
15.033330185805607
11.982601926560923
16.975779526241258
14.462586725844838
12.362175187095586
14.75294982435217
12.092576737799765
14.79111771069619
15.055166269331549
13.797980151021704
13.499683168519905
13.072100619313265
12.834459993375747
15.452959524585482
11.334609290800262
12.699686961375678
15.08303605513258
12.069192819795015
16.921370284568514
15.022403692904629
16.25065815542455
12.154794555701525
13.116117408110968
16.803256822965267
14.24363277010227
15.70477263947117
14.08222754689353
12.164428206232234
12.043092395464631
13.035925432198969
14.406255791072494
15.18002926090272
15.02699251785232
15.072922590038761
12.961637541036946
12.55490621709745
15.179387094686499
15.381531636704837
19.19532048728551
15.495547004644942
16.13639816552628
12.2279169862888
15.351360837481797
14.560252431857393
14.573250219304292
13.373312397175733
12.649897276911972
14.276525294135118
14.583549395616744
11.745717162976652
12.872073515000915
13.278857846979662
11.376065585235581
12.00483954204192
13.398410529100188
11.73980624542012
12.127160003932588
15.62418801171355
14.781248808760715
14.441709474974802
13.179112396619539
12.296849849399424
11.32165572081927
12.72938991313568
15.325965647521832
13.260731930638732
15.343991685683834
18.722892516803142
11.374043548903918
14.742579150129268
17.000325072141468
18.082864681715918
14.710134366693161
14.635729282141082
15.004040576746657
16.290398692444846
15.587239266172398
16.233322877522316
14.425793949503428
15.360761797072705
19.399179839239928
12.50169403422181
14.302682883919415
15.439652744075625
15.178074940583883
14.574660813662927
11.947473465808716
11.852985670995283
12.016149103753941
12.561870461296055
12.15010627620089
14.63443290910879
13.501011117056443
13.471097929206723
12.900079049544821
11.698269528865053
13.382048805191031
17.325391142527696
12.253522974945867
11.375801798544623
14.357912770648946
15.843949415962019
15.905930861253324
15.361459726901636
14.671912760030235
12.270002947969152
14.269058183170584
12.773764155403926
14.981282487962218
14.479091237102798
15.94598233306705
14.955727979885395
11.647980513642878
15.850773139277672
15.971931979954675
14.846382572628748
12.227207966011685
12.257567726479865
12.411555651527557
16.03620028261092
14.663205905607132
13.778640478070667
13.061238575025932
15.134007338049367
14.078275276788169
14.885758965026067
12.866603920842403
15.859166289970286
12.506621150579972
15.626574414503883
14.627356561713782
11.74165255046652
11.838675669309586
16.868245134783482
16.252466354177418
12.80333116464891
15.004074043199715
14.970428080969905
12.176045197466498
15.061686922329923
14.82763801400935
12.806440965609122
19.654819344503625
18.193504923854974
15.006459640165216
12.540819685470426
12.50061494657604
18.685542422388203
17.58305427706368
14.564202891195519
15.278701483553846
15.353496356132956
13.944107952442154
15.641401774438835
11.888097228135113
15.181835579397655
14.360330684798267
14.407883947444082
12.495573008866081
14.930641402125902
12.487205057906138
11.485431787583709
13.308713284049968
15.210212218325251
13.56017676717776
16.276212157021092
11.499726201971223
12.12684979077333
15.48835926900591
11.485309954353179
13.868664108903824
19.402806129815662
15.187154898584613
14.211014775755075
11.670918825217141
12.541914765331336
12.460179711044287
14.99111006965936
14.88544152617054
14.0410570957641
11.646769147780068
13.990327667204781
14.766820667542374
13.776910394880906
15.873841664393419
15.11681283360204
14.747736832615493
17.325059919123063
12.55070419341312
15.00867794495623
14.845351297256165
15.113971505945846
15.653171450100983
16.61539106527275
14.77556833037809
14.287186251050445
14.697511160837585
14.91642500441089
14.995629052446127
14.887046898947586
17.703500034930435
11.921119035603171
15.922337321135904
16.324150917979676
11.987799085109254
12.635109640265645
13.375944501702774
12.23627618943891
12.036058514904477
17.43353520795477
14.25898059933159
14.194260851689839
15.163523623093631
15.50588372464354
15.063716911337469
16.695544945582096
15.115549055716357
12.75917499221026
11.559761600345874
17.70472203955189
14.262418722459778
15.523510246080743
15.701668873510839
12.879411902464902
12.02686700963293
14.738570694121567
12.006945504428161
17.309468152151688
13.812745203191064
16.1346642937571
15.09578245329638
15.205465962200437
13.169434910821767
15.058865470349817
14.33769374636461
15.74378934266836
12.02189324497078
15.151234763715035
12.86250593141531
15.04294292498155
14.902076939195169
15.475922466603235
14.049417516337787
14.974175933495179
15.401526546805181
15.4805225477077
15.60296278483514
13.168907096895127
15.021809059662441
11.36867246716484
12.415186547198418
17.904325086232046
16.978331928946364
14.9343712632421
13.963239832168792
15.413061865087126
17.280557108371983
14.539310654864853
11.794516348407756
12.703180395090675
12.856860988170373
11.695463661510413
14.139868060603572
12.933280718985618
12.957258489798557
14.8971672382751
12.428929304331598
14.289094688799333
15.238452958837698
14.299573632202991
16.980591575357458
15.01052575340716
12.032905794083513
13.319628647748335
12.561800148736555
15.270586581635605
15.913024339441835
15.610402496419129
13.100036115251386
15.743195523269161
14.727795490489063
16.165111174179266
15.13725598810669
13.365255097700988
13.73303952986795
15.313864614819094
13.033186226469445
14.826198647828877
13.34832833824171
14.937456197223176
15.095451562645286
11.997186256141974
12.150445303945494
14.94623111243988
14.625630109413013
15.167697560508588
16.06664429119634
15.641528308982382
15.075115483952287
18.264229992166968
11.731879712739726
14.24892377182965
16.028140202171883
15.520686647907144
11.828574803413922
15.166627339608656
11.486844792735033
12.57298080119405
17.638142690085882
15.366467562051374
14.985531034332737
14.359146234553835
10.972677119358623
16.264827519964015
13.674757965801941
14.700946902572994
11.30270101030081
13.258354091240612
12.565902005588285
12.24390123538813
12.827975013160101
15.787682249596292
11.981862739302562
12.320913775314729
12.213786018032899
14.797962715538214
15.011471142285654
16.789556261385943
14.799028407515516
15.355567490315726
12.945754392885569
14.225002218991682
14.36132015884307
14.179067766218523
11.702474594103796
14.847460957349378
12.611759017659924
15.146175031040862
18.56053322506041
11.938151732295735
12.066843545083
12.076967575435685
12.917680853675163
14.806792123489664
12.673619288545973
11.405583773255893
12.945963344733723
15.013857224349685
14.493172232192068
15.485887142757356
11.731829096784132
12.181555883345851
13.657600300779261
18.46905040315236
15.730785629803066
15.798435909775945
14.956448965926223
19.345001516494175
12.666811415791342
12.71858840326477
15.199313675384966
13.57921046189306
12.592798687749411
16.256788497879295
15.205750288738194
11.983485241536753
11.902724374677227
12.604593692771111
15.120157954121355
14.994341504732526
13.158134763763009
11.971159886177924
14.962308265257473
14.920553580436135
16.272995751984165
12.13257722883173
14.749133854906194
14.922145516117567
15.460790782845713
11.858581476298323
12.695308301690643
14.190416586166036
14.96658247507744
15.388411048797066
16.27413194494767
15.932560346333837
13.936433470542852
16.18920967572608
13.281096294718681
11.879374230488237
12.310057373137557
12.988544987574521
14.377635770328427
15.24021629599934
14.669540562742279
12.042695431186637
11.915122017735019
13.742246140011874
19.4170475602184
16.127841397648027
14.748548767280514
12.0103368456164
11.337105059922571
11.391194826127784
14.032294622055119
11.876196876551068
12.872839319869465
14.97304614570316
14.258133682781743
12.764347883804907
13.492415085597258
13.093103651020042
15.433178202164688
14.22407826131183
14.080737852074774
13.075425456566817
12.51663200063043
15.664973596628297
14.695064629884142
12.707144970395085
12.04353706109797
19.207667738896117
12.976102891851538
11.844738381278514
14.972535268797888
17.24574452159823
15.887338747853441
15.648358168861245
16.25030759756946
12.549718366293622
15.543906885917357
15.754070809543611
14.829116657134346
12.183833391539144
14.947689573862444
12.24239669094168
15.282809777649693
14.547636024063019
14.599525043905793
12.39462585719566
15.479549163432287
15.559543737652014
16.106742380577785
11.932667283164088
13.466850663068685
11.519083901076684
17.721979151109352
12.683348542241303
15.490083855748702
12.822778721909142
15.599862251528643
17.453750225833076
14.948368256104292
12.216781159340822
17.1119007512892
16.54179724319682
12.548207554320722
15.416507307456754
11.334031575870407
15.644310820780579
13.040598896817256
15.251166394356005
15.785901394096866
12.853702796293275
11.877280367501665
12.427031036279145
12.055574663493065
14.739540915233844
12.845959102994769
12.567382248335704
12.433288124422253
15.697003389631986
15.056989186748874
11.840433405788211
11.477656925034273
14.655424751476774
15.294220107556127
13.692799631352914
12.23058358092034
13.707468547150178
19.921307696167407
12.420903498843165
15.242366883441164
14.182989213190085
14.999701990476463
14.75871348310073
15.811501979852137
15.198847002582003
12.436668411244012
11.626838341512597
11.781294140750516
14.929595333252726
13.369527810798223
14.266261491260845
11.57182709924728
14.521075124965424
15.113960652033308
16.566526861938815
12.100108549949907
12.174857033478784
14.482969081333863
14.630648965520239
15.545862426332492
12.91007042215435
16.369579928821988
11.877029210745134
15.986961068714235
14.678821398306559
17.489185931689903
17.3704923283278
14.769256177538333
12.352823017993083
15.793625617972596
15.687208022218966
14.556818066572355
14.67143486047041
12.482278472082731
12.15988815707299
15.643901507203669
13.189001529702754
13.068833909692525
12.19128589208435
14.391439126023291
13.216765967605074
14.589004817681872
11.539425384007838
14.675781295180439
12.13442350715094
12.669853980491814
15.513229483466993
12.741716594163213
15.416802161835314
13.014746722661311
10.947490094131018
15.49304556401256
15.072815328473132
12.900637440715096
14.999848364614392
12.40498636840393
16.477644339199713
15.880618128688754
15.897035847400828
14.874689251795775
14.417747518641177
15.664305412827343
12.54169790757988
14.808752465444787
14.939242644051102
15.009797540333702
15.873949392348544
14.942285441278143
13.545925847285618
16.145528289129427
12.30268642928139
15.866575473755944
16.46492044399494
15.884166521527995
15.18851273480324
14.468557985382015
16.07351008845713
14.929867915862463
15.377016454524728
16.97647498647768
11.851409716838115
12.066676413271656
14.607894907196302
12.574276580882687
14.290914135690818
15.69117159525369
21.300702114371695
14.45282568416409
13.334132829163348
14.484064865456272
12.557971535992555
15.335676860362781
14.702615609439793
11.2434248900145
17.305265873222677
11.919906111545087
15.165026024019307
12.129830841505806
13.484722641688792
15.945860338137008
15.097777483137218
11.964814584938694
15.145257608159376
15.818276493062479
13.565109329201224
12.348859248513502
14.210784960661094
14.7400106269185
13.768952079560531
13.702239162290489
12.225892426910242
15.105006804950136
11.500109909562147
17.240827149974155
13.899302426845441
14.865927935374197
15.647882181631985
13.079204406179606
14.735288166012435
16.490877013225212
12.855640956015662
12.71796588554351
14.3609282460043
13.671633601194987
11.079713397481505
14.91505340903399
15.252015314108869
12.195858298518193
12.832510374369926
12.04087303227683
11.203130784745667
11.449720866488764
12.052172046102656
11.759444797864782
14.298820433214397
13.717193870611975
15.41865012129488
16.081771082541426
12.419415463783013
17.712662281945256
11.854973970929253
12.968771096649377
13.392779443904134
15.248064276127042
13.664050200219473
12.422895110276187
12.899833406607934
15.627245495532419
15.229089771450425
15.41099906043364
14.363447937299515
14.564235800386626
12.457201278240237
15.480098592975192
11.80109644802585
14.820476255864266
12.429639702395448
11.867061293919022
11.758213673925527
12.722074735564942
11.962177473072291
14.267412433625076
14.983671615589742
15.006922488307053
14.791219276697273
15.045138889849397
13.942050307473021
12.82744174555
12.853258462077113
13.46653729877353
13.858168851222365
12.739482513647316
11.906449450289754
17.09042846894182
11.833890477011936
16.285298457384407
14.832415319112732
14.525932300272052
12.658361242635289
12.520478234611902
12.74044623470658
15.485814872431067
19.223677421591045
15.822692314234818
12.711366443456798
19.75109217762198
14.768921098736303
14.15536440615523
13.821832932122774
12.704429323348664
15.840335927711095
18.615164383941995
16.024919268212326
15.561388854674743
15.212210883064156
14.070726985988
13.407482380743682
12.503870842375026
13.941279710419003
11.957036541853448
15.556950093553791
16.72130767852746
13.04222097008002
14.295022189241937
14.67558075838858
14.580013299958395
14.858153321387643
14.059753846119388
12.623803583824811
14.379783620905823
12.536293346024152
12.053987973023
11.972275170459381
12.695366385223592
16.22803314533654
14.978474582659214
14.972633011474201
15.48070612342372
12.740553699398868
15.58791569397563
15.421563141970022
12.278759049915635
11.844615325278964
15.950874174877637
15.54664866146636
15.714187449092803
15.316394156420802
12.760079632812326
14.890436315778024
12.423918502463584
11.338820532693001
14.902589272732389
14.704051438276446
13.480194190794377
15.16502367870824
12.406260306631529
17.7549502704584
14.903144196049542
14.55139496703648
17.157175317718053
12.669850139794372
14.887785840315782
12.702428817106254
15.877975837092603
11.5341983912318
17.459831286019092
14.1518623435664
14.277757455089407
14.255957745934975
14.630981548002566
12.48316470834061
14.02398749951071
12.683129280378957
15.106909176962874
13.26295730209922
12.425773794528187
12.056177665018962
17.963657411129727
14.230108048053339
13.358329761611664
14.684229589414919
14.775743342701896
11.703695675300779
11.930524820788534
15.296543043957106
11.470330991105245
14.50330956734077
12.474246959002514
15.151985817846501
15.292537347531946
11.477705275860373
14.87056979107925
12.056048008739428
13.997329505871194
16.32751254253985
14.222945533528728
12.195316172180412
14.429698214899823
15.612023721093555
15.019020931144917
12.80145706332317
11.477192965041267
12.903780311229568
16.29911424924156
13.865311868260646
12.39665686718193
14.76136582545731
14.720136692105836
14.88740229442437
15.448373495302041
14.799365414684425
14.184874714999436
19.192430325041045
16.584026736578263
14.14175029234102
15.037368573595264
12.407168222650936
15.64235794640281
14.32957954336243
15.28525798840713
11.648348277127607
11.959261950732007
13.849884688671962
12.343259363304654
14.806167324602596
13.216258930060883
14.42345918899285
15.88196479026854
15.553143556133756
15.321528117188057
15.4250594729126
16.17876434844775
11.97763192241464
17.175727276185164
12.95016486861957
14.98314339808251
14.332293291441882
17.578465182171357
15.248762418437147
13.532398749189346
12.39159445377043
14.224163586534894
12.163634756092973
12.011750661937992
11.591381138975505
13.029606823406063
14.659053688044489
12.879374032707018
12.124874601863235
14.816986682892104
14.137491292965837
12.623627545176841
16.644097879899064
15.867115261464454
11.990783896357595
16.039515058413166
15.259310613330797
15.816731551802173
15.005434922309114
15.797716580821
12.487727964720385
14.708723269863322
11.89027685600705
12.292209559907805
16.4798049399839
15.270270783829647
14.966184421666384
13.310688756268297
16.16838021307476
15.752938048351519
15.105432962003238
15.94213724434574
14.42986417739653
12.017151050042738
11.648132463072988
11.816443468757623
12.714789116931836
13.21512602454196
12.949442535528279
14.090955471698189
14.06892841837865
14.66720605881274
14.855642086575871
12.210503719777616
11.91159535276625
14.919781788676652
15.357312758559438
11.671258217787909
14.054842464058966
14.667986653172802
11.862781376507273
15.369949465655885
12.301080256024953
12.819847407807657
13.145056011634368
14.084003262753997
12.532991332455932
13.304965692114816
16.582010458620047
13.403838128158778
15.26452310660535
15.546503087807823
15.704407175861283
18.095456839929284
12.583596701409652
15.08590596484755
14.900490580142279
16.04995026009493
14.971330207879594
14.879498073603584
13.281685598558845
15.727262568996094
11.84711013623145
15.69141921600276
11.417643378811535
12.150539410387381
12.473463328433478
15.564552559035127
14.59869074392678
12.4369068659027
12.558680394570164
12.543665588821835
15.161575391229059
12.808467707262881
14.967077938411276
12.527229259966198
15.258181035347233
17.86811720641689
14.443928103164833
12.84445638936095
12.475125675565016
14.350643650711266
16.265149752341365
14.541503167915897
14.960458936029335
14.952660717923454
15.30501771124797
17.30877241261611
14.480854427264886
12.504850526249518
14.721473765305609
13.560461573468608
15.414768397611942
11.433402002304181
14.987122903196187
12.178039588527453
14.460371802043575
12.44937736327592
14.586153931045574
14.57577112267765
20.970303636492744
11.77723253104037
11.649038132671933
15.076826736499152
12.434804014561568
15.723334825098174
14.887876834376199
15.14368322021564
16.292129272760373
12.868867856967762
12.687377960385435
15.547831784705727
14.517851661277176
14.074737737861465
14.468382401096305
14.307026692682863
13.42413753580844
13.483903047010635
19.067782767998374
12.131238274037662
12.108656015429094
13.812507729420311
13.827039882177774
15.052575334034202
11.985011274645307
13.768942821261337
11.738959971659234
15.425952779849036
15.219266483476623
15.93881959937947
11.969541386340689
14.994853067190268
11.839170758462737
15.293071172403993
14.907332504675464
12.715432203899812
15.234245264979654
15.24401260625948
14.89936070415053
15.575438492086379
12.504228935961807
14.815348388896712
13.747191748913954
11.628775919918567
13.759562080790932
14.845535185680328
15.085223155927311
12.800717638192802
12.519652237434979
11.615704752966922
15.238349036834666
14.369244884765306
15.885090484553281
12.010775833057865
12.695921998102293
15.078205562917761
13.051236079895588
15.347291426104404
15.683823684891308
20.206774099206143
15.766924951698853
13.12742530471895
11.775077424030433
14.242762999130823
13.922802875405894
15.70335166427129
13.065294531935038
14.852573096700988
15.730482349677331
14.356948846463027
15.843756247856906
12.318358531509146
12.394551209485673
15.289911848630325
11.837648750469244
17.96765337484804
12.025427277289932
18.680081346185673
11.725044878930493
14.859031551515256
12.244346930018347
12.6251992938104
12.374481098422471
12.22962276911589
15.148959420424271
16.07325549324739
12.105459889648852
13.004250977208603
12.030486214830155
12.660438548126617
15.7524166583054
15.501539966661756
12.624380876465038
14.93558393606458
11.879002910950653
12.323932749259471
19.811344413702695
11.986665530119568
15.199961400857056
14.754148616407655
13.322764277866582
14.586808532087723
15.322248393621946
19.50962841400568
13.995937866436897
15.423906639599558
11.858216233187767
13.875196751720381
15.275078644794913
16.233465647498445
12.18157136908071
16.32364258951213
16.023291122531614
18.520459341160105
14.957875221082821
16.044052821061165
14.309458339263264
14.909254578637546
12.590501679397075
15.68575521627016
12.3175219610552
14.904086305501618
14.703416310666153
15.665071974075415
12.92248582409465
11.570540492330826
14.38533801643444
13.71830539437756
12.538799613587349
12.041957564251545
11.759056163116071
14.887884597289021
16.09301204089786
14.697612300539966
12.225699063696629
13.152540596836818
14.04159986355448
12.702935034125659
11.752280865462655
17.12837026328966
15.724791880670455
13.629526021225647
12.264218853609838
12.764460711308205
11.619016746468516
13.270676172518458
13.82468041638757
13.487702763651354
11.466869186348875
14.714459201823239
11.882235750537742
14.776927531019851
14.071276706857295
19.96224461177778
14.230955676882841
14.836797516141583
13.830483019327119
15.368527526940746
14.79280259018667
15.029783165407657
14.275406171828937
15.684740918009732
14.505553472772327
11.854166066724735
15.886041536923692
13.270491905904533
17.794906391679465
13.965425183668827
13.97363855123392
13.460515889670253
15.696533267684938
13.20742806146841
14.442843148900492
12.175028250541374
15.27789110574774
17.242217423648956
15.422282790314908
18.164844190916185
12.524608080178755
14.829134366571552
14.630479614015627
15.397728685031565
14.563606059641817
13.038304316630285
15.63180458647937
14.816349672351157
12.37522321498104
15.599891297304195
14.581301384888548
13.91050065644054
14.598997172515693
14.045356767243213
12.523726275289254
11.499473688809713
13.288246260826797
14.313208156237126
15.424736122002276
15.332694192635211
13.045791209725737
14.754840520591223
14.537389978734899
15.120433197423026
11.913160124266422
12.016760603190434
17.8120173936982
14.339331938796672
15.022167043667737
12.42002020257637
14.541127839299564
14.657295904793276
14.616767101372545
15.347075571958996
15.695779453970932
12.63612129520682
15.17688157414831
12.345639964958032
15.308041564241554
13.66914074934565
14.812161131198668
19.46768204711109
15.333643857864374
13.570781714590213
16.10064511168638
12.572043032237902
18.279027020748448
12.097278216524007
16.754366230538636
15.731063286570143
12.0049889563979
14.688079546494187
11.819077119452704
16.170549409323787
14.157864541164297
14.573854299272375
16.193596734431097
13.523849581188047
12.176272597758711
11.887955314765476
11.75887882419023
16.04611395392881
13.981498855269704
14.244401764861149
13.655204865534502
14.153218633616987
15.134855327695957
11.900225837954222
15.011967833733948
12.844618758386735
12.932691765271663
12.177430475829178
14.786843369912983
14.83312889370331
14.038109821520104
15.161960898896341
15.659529716700897
12.80242640911992
12.95213047449509
12.132732092862092
15.105101298936303
12.283131348529048
15.565042059532498
15.15122508312621
13.825889924710557
12.06077645787279
14.169221575714174
16.780672845798275
15.039665287948493
16.005819104307687
15.848361288191786
16.390894894919164
12.893906645172178
11.64944773757523
14.825215403892456
12.15642282700004
14.68361088031847
15.019744776995255
12.263933190712494
12.472564611913446
12.692152047534941
15.676193026231836
13.324337996294165
14.811466544941414
15.371889528354322
13.644157418727598
15.920530608414891
12.89286447178719
13.104154601761776
14.610168942191034
14.69148503171226
15.340019821874254
15.070197357285045
15.855293029452595
15.028607993507817
14.795892123917433
13.034413925319086
14.54964912148543
13.425939298653555
11.989729683709117
15.445761357323539
14.363778301424935
15.763384944516002
14.963189841629484
12.473629514102235
11.979959824727834
15.365311854228871
12.25583528327908
11.872432970338114
18.439516752115303
15.873067874776357
16.094175984704478
15.283992940979845
12.292292089466619
13.168908848862541
11.855633079512279
15.517570016813101
15.743250487738841
12.05894717002933
12.725739807295799
11.578191598628292
11.703686863345682
12.006707084514824
15.520918114741567
12.189957703003088
14.562610681560372
12.80524392953013
15.095282078841075
11.75062059236119
12.698857210364684
13.545355458279001
14.403767609799903
13.131031187747485
14.790313832943097
18.53403253698022
13.761020364477671
12.294197335988818
15.648983797627617
12.09616493010013
15.0476909223829
12.570331767663799
16.635722868951436
14.98012508296304
18.026251223154894
12.168204445707785
17.236223794788707
13.781451777727014
16.050209854625873
12.895814278432598
14.547598485722313
11.371083036681885
15.78845782592612
13.045387001042437
14.297037407467005
14.65790738952981
14.165025945174094
13.066333912328497
13.486656403451791
12.64351168443129
17.60344856089835
13.93776619790126
15.50325948325629
15.312542603728188
14.664395773453316
14.016820208836949
15.253563720549577
14.488851645349106
15.752932025378875
12.18651659311123
16.108848139837374
15.509366912489611
15.59640433290594
18.562602651375634
15.897377797763838
12.118253767332307
16.725115533598046
14.266660878358765
12.601395776269026
12.412452900724762
14.072645062898564
11.785988754595575
14.18161618389935
14.661388425836954
12.014857436043744
12.23389517084134
14.939747198639184
12.279068926312275
14.629251649230428
18.690862738499412
12.657921693922797
14.320230276832941
12.242794938124876
12.809659570293924
11.600005629548383
16.48567485535568
12.807134675214487
15.786742293019508
15.544566116109104
12.590429344925527
19.05105217810783
12.337155896377498
13.334996376708215
14.174611683204645
14.953360152493277
15.207352394116057
12.14708074874875
14.378639296194253
14.414075353513649
20.000873058416023
15.22530201522798
14.863455425590445
12.688501757277438
11.223644279873366
13.64727219495454
11.461024043074698
13.461170101831764
20.94249199035177
11.497170172386204
12.711719150178098
15.129749348962028
15.232575799060612
13.450245922169223
14.22818516024827
12.611083100346058
14.151895882182872
11.446796603020443
15.585825718459084
16.242066937532588
18.581960171408912
14.590487099714018
11.616778976263806
16.42465241778339
12.970165994128338
14.684006866381251
12.488316525544622
15.445626021515771
14.74752924519047
11.325803660694886
16.09057201667923
11.70947633521596
11.959790112112138
12.921388014051109
12.536535036009392
16.561655894064927
11.212675857354085
15.233715418450087
14.914125308639429
15.875144550842322
12.302123121644208
15.12447542190105
11.989221829649221
12.29839775470529
12.28446422823245
14.563282464177687
16.17791727955291
14.122912294123166
15.96467349610292
15.752867516629047
13.944414481258038
13.588487720022737
14.286618628308164
15.811069875998887
15.505152653096932
13.148218326180784
13.369372197070133
14.793966579429515
12.02401058111344
14.825947360109108
12.354240006832326
15.57591451673371
12.86725942125455
14.420827095156683
15.274670786513592
15.004992222460723
14.799775127832852
11.923149021937999
15.748885197142084
15.50568121271222
12.241327302593767
14.771322148027672
12.086747180487412
16.50037515422141
14.738397245338472
13.190292606742013
16.140138482319863
12.513596936916299
12.704922107281535
13.386724039149408
15.492922733857778
13.73741771514533
13.78321940727564
14.425364407451498
11.50148534964557
13.138410574723503
14.92994077819605
16.22545898937013
12.46840691260379
12.724109368422042
12.468031881995643
11.46300226418469
19.959938570971016
15.839904421210578
12.56856514305758
12.541610434826966
15.920685410972714
14.502614185949563
11.920592369609414
15.400329729889162
12.324821793208834
17.46984104827285
15.581782036012758
11.909832225413062
16.977749477958145
12.136474922011692
13.864691563550856
15.351113191341893
13.476474805400956
14.733138363013685
15.478724894168307
14.531987785208353
14.986036879844178
11.752704556932326
12.85585112796012
14.945854689345047
13.590407782763641
11.641713226403425
15.945365148756888
14.34480209422621
16.613144006032574
12.560832152662982
14.865983711014144
12.795555708755819
14.029577959375414
12.274912389635457
14.062862471083168
14.96158163443376
14.673769534117614
15.49091220625485
15.24545573295582
15.808170487527857
14.603483283529417
11.776774191775772
11.755488445180891
12.001264606428625
15.487285735270568
14.932730535735907
14.686317265056616
16.042616818497763
12.67096149517865
15.521747756171075
15.99783068080589
15.2061671246832
14.929392636903783
12.828191162640978
15.406052728561024
12.939258262085556
15.52788339729157
14.849028524513798
16.904348332207004
13.690386272853418
12.70660905679301
14.79736158892481
11.625953688840823
11.929431049223657
13.115284578127497
13.919827099284698
14.369517917728222
11.793731734278062
15.348657051963043
15.636963684170395
14.828814103988226
13.998860450101223
14.353611741428496
17.077795693415265
18.56939172021456
13.950282380063207
14.790578925257366
12.55797931761441
16.346052711642713
14.111263637848564
14.42400783275632
12.772007752612161
12.775666586216483
14.688934157802516
14.309096697641786
15.643211416460055
13.862302979821683
14.900094503207049
15.148270629958532
13.374948734740693
14.289309492566105
17.540000459627514
12.205404678086285
15.61777205046133
12.106931991293688
15.01388595207166
19.638115623458873
15.622640742514848
15.340771151295792
14.634704497466997
19.452965169368362
18.790641947975338
12.45188968588439
15.863834548131637
13.88193855886627
16.579033416966325
13.648233028140744
12.17597004193987
19.97699946351444
12.287154743700537
13.870058132403619
14.194820532447112
12.006739636897926
12.716574391772406
15.215728539632968
14.104067729034316
15.07023214539773
14.34881919648042
16.786247076912193
15.318700868080077
15.400231516814273
12.623621041114749
15.149367201196737
14.139399527588067
14.524080497442322
13.077643845548483
15.593303374637095
11.701056811466962
15.560012525912198
15.492885278371366
16.062387164060933
14.400437042236456
13.729557135819475
14.63873112395596
17.212444770045785
15.828981364090088
14.507281399077717
16.09953321374011
14.44908789843556
14.658835905532202
13.950999659042552
14.707768028005619
14.28472616807446
13.684777201508789
14.936310115198754
17.52991423756017
12.54088437061972
13.048211406377222
13.389776459501814
11.62222320230834
15.38468689393629
14.728534055003859
15.44988956451354
14.76400673124857
13.995480727223205
14.795408657083582
11.675382530826084
13.473049920250805
14.21090832535971
14.308285151857403
15.224093078866895
11.929749808402452
12.928380952562696
14.131048985384423
16.745263410098147
15.192977302364113
15.436675344277536
12.58839427908792
12.596933285410945
11.845625504879157
13.598923086076729
13.119360720748116
15.109187003209746
12.287446227780228
12.389753471444251
14.720157761151032
14.694644823211782
11.360080688001853
15.970766918951446
15.31227869810123
16.469816087748544
11.19581265382025
15.84393146063465
13.939429862683347
15.084603304243418
11.356362589522712
13.597076370767937
14.14637880048655
13.599091911055664
15.21136967677881
12.147301941650694
14.681711981504293
15.246399423321282
19.005867595451544
11.362576884759228
16.4664556525484
12.724721411756885
17.775770111320718
12.274991570277155
14.106262826604796
15.341908172802237
15.48785174903591
13.84815101735672
11.536313116127834
14.783063396648753
13.74445671797177
14.228077050094303
15.371847727026543
14.731038721608275
11.583278463411096
13.34566954795014
11.866936934968876
13.463505843230276
12.385622189290848
14.56013965246304
16.13206745308675
13.669832572011282
15.804985295841728
17.458225819696874
14.033093106260932
13.599149921088836
12.589750462229741
15.292926455351948
11.985663046614217
14.113735846951409
11.967012698672754
15.666186030242415
14.340032208591236
16.505573312366707
12.77918686873188
12.709357405894805
15.22189444261624
12.811251671683943
15.275966679792793
15.068431537167296
13.660159575045348
11.747729986445345
14.45137115431142
19.099385119707396
15.116882555490605
12.689336573091254
13.507829484242883
15.228680455200799
12.683830716815436
15.18792783961334
15.852151073008079
15.396032640256763
15.725119014814762
15.167787504190374
13.337370579871909
15.033432121978295
14.256813943502129
14.777475912856843
15.431430177011158
14.111334144180201
12.270316870862613
16.397473516523565
15.75537379755584
13.75557754027434
12.379958339230521
13.000842617481066
14.982819316183493
15.631983038592747
14.180337526986062
15.346451645714733
12.695668814088272
13.547793686430351
11.731306767277225
13.362926839916145
14.373428516132686
13.470191650227806
16.296205923197633
14.496545424280798
13.866846188134984
15.65297851184972
14.33176571805997
14.655884368301134
16.093563059372308
16.558594349049287
11.7836950176515
12.254013592639852
12.828693387954306
14.875950315535146
12.199530096146836
14.751440716237742
11.821609796153995
11.611056469372272
15.05838837928754
17.382351677727094
12.853524761124087
15.711404048615483
15.35796108405698
11.53682845781048
12.08815573689768
15.399085568425809
13.371787483936508
12.352096186715436
13.201279452314514
11.809342095356689
11.383055834991687
12.048141803424663
12.341369503626698
18.198750971782317
12.504723129754039
14.354275130371265
12.16830495197572
15.36395207627977
13.580199679356824
15.243593453066957
16.02106775160142
13.234046354537409
11.598678583054566
15.149062018094954
14.942893245680386
15.009268994082012
14.926244505141629
14.902602445228805
12.61410996816686
11.844116684082039
14.658222630073821
14.647696800494167
16.121939718345303
12.419763282100956
15.279700843986848
14.93308927077529
13.052894288321497
12.467061980273304
13.790113241360498
16.174587100870102
15.71981395592092
14.348952354022064
11.964923075955143
16.037327374965656
15.39561534460406
17.422267611942758
14.41986475188415
12.770669153289743
12.81063805278115
11.991849754043487
11.927333301439775
18.878426067327247
11.508375824122432
13.674161440274585
17.488009545039198
11.33806645571616
18.38188148628935
15.319499297495144
12.47845304521998
15.259400372594959
13.00758572356847
12.161621503652855
14.036046133532935
15.131303365440267
15.763625438459414
15.04331428327356
14.007116180265122
18.272819685272644
11.821443530303664
13.24747326174661
11.844222799051146
16.051350925301858
16.19343408744252
15.080073442153282
13.163186113453515
15.273975179277617
12.663456331374968
12.795558965464123
13.861496227559128
12.094847274205108
12.17715840905424
15.303793623241924
13.425683428556772
15.526422430194787
13.38183094516989
12.904337224386143
11.808359459463878
15.078492575538283
14.500342565756599
12.042842003105783
14.473989017548378
11.677732330727418
15.065280513523005
15.33264308890837
15.55984106830488
14.722814145995352
14.157436187136039
15.678733387000733
12.968421547745773
14.600345158427828
14.74367453601652
16.931594652807828
12.277988744188008
12.683646046620916
16.13937336166742
18.430277704515206
12.797075664100989
13.241133648053767
11.938706765194373
14.43270554781623
17.18941364696207
14.339358762206237
14.992320347725467
20.15454062867158
12.895783921688293
13.213963054941475
14.771146239006583
18.042718363117093
11.925482128035412
15.353221114167646
13.053740801290749
15.453736218111919
16.365031432533815
14.903241533808904
12.849620074774425
12.744003815017958
14.879810033384816
13.439162364253646
16.706083700431645
11.571606009245025
14.996344763875678
13.195758861337925
12.29672523787732
11.753147747224682
15.29137664038824
15.039281200831446
12.728649130263975
14.800094527127884
11.662932392891125
14.135533876301844
15.847848796964135
12.647750169350504
14.581467498393888
14.984707136576722
14.940113619082533
13.40616559214603
15.271204081326628
15.25049043828771
13.438745934561954
12.084482284855872
15.572970624815818
12.893838179461623
11.503769625163793
14.560577071018354
12.782637938511716
14.99199010654513
19.597337610357528
14.443246770921931
14.907664949512757
14.945132880106714
12.383083763570628
14.675046582053964
14.761877192806551
15.330017829215114
12.810446792997523
14.288686302655975
12.423635289113358
14.943948318944436
14.41380081981892
14.62933113723483
12.456887414146598
12.3687745663734
11.751497920446084
11.939790856170426
14.398627610023691
15.747949003753886
12.838754890042068
15.522102548949688
11.811597528226017
15.883473719310786
15.146581865670742
14.796317940198842
14.905448186880704
12.649894566774734
14.700295257558247
15.089239418947699
14.384484527668164
14.362447840532383
15.960650016740777
13.54620595894525
11.970442688716515
15.160452718215463
12.379858720305352
12.76668469161837
14.14452553434308
15.261124319221512
15.152415538970612
14.240486855360668
14.01181844209608
13.213884996841829
14.859041766647913
14.80857234020921
17.97028037982691
11.4925420237214
13.759734675640253
11.71586559867642
13.294129454267404
12.828692227994186
14.191465148686193
14.696826141578592
15.061128838522352
12.103830666862317
13.743091404821271
14.98549015108399
16.73896172095393
13.86391925862929
11.973643963490234
14.71993807031726
15.086401330627137
12.98684935974391
14.708546172818565
13.046958983538921
14.719508865027949
19.21094547481978
15.450761613978077
14.982649827033843
13.262209405785454
12.037398032305928
13.440324793964857
12.098132580605812
13.135360514382123
12.88081654868703
12.1676735087088
14.077341547647041
14.529792475156698
14.41522690124877
12.423482761039548
16.730781210461924
15.352743372298251
15.157781811151548
14.216639239289387
14.623794668970026
15.603173357687472
11.976970051576359
14.738745551427662
14.922322788225431
15.450633652202495
20.31346575558321
12.078104098480006
11.943423304691125
14.666058692546756
11.980949030164362
12.56037209617632
15.370853836313316
19.836075121577753
13.939489829146948
14.858794334325541
15.673988113100211
12.498711322394373
12.798013339511966
15.186452892858952
14.923413713344395
12.237218817398501
11.502159519001102
15.798005373472487
17.51455814161047
14.833781482187927
13.811241316233529
12.439282823706526
12.043069172207787
14.634952738286918
15.074824940669744
13.616595554229137
12.422719619535647
14.796868684719579
14.304595664836949
12.245076642487257
15.836364778853891
17.667226299314994
16.351083967830515
15.304157574092764
11.834225860503953
14.416115542953898
15.216978729414405
11.807203226452057
15.390773161915602
12.901063119351468
14.961715539000414
12.002960623139877
15.198656678250087
12.122381469378384
15.289564183993736
11.854725675318592
12.24679815426665
19.87496119963471
15.340146772025632
16.326081477825113
16.00011467836132
13.18288819242371
12.798040494338707
15.357090054234805
14.202132860899217
15.162713557995668
15.362249738587687
15.867554965194655
12.496434888634187
15.657078838569728
12.144418169877762
15.190821902691429
13.711331608571529
17.016420578521583
14.05658583333571
15.25905129542629
14.556409911619204
15.001512918075603
15.798469453737857
15.477506442926984
12.539852627521281
15.404030557257043
12.704216307631015
15.001993030646899
15.1417396990186
15.723088905534853
15.058741314526328
14.950124431714926
16.04057236607044
16.155837174094255
14.561965203845105
12.167580201409942
12.606340811872846
22.366531548284605
11.925460870563512
15.52233883336041
15.175549934586602
17.93587745408356
13.45162128741651
13.827732014878832
13.657262537230828
11.108206949163648
11.763844841975873
15.022174711699028
11.938695562491985
16.1231703745587
20.215004482637816
11.903955943624224
13.54963830231824
14.3847383558075
13.084575042910942
15.261282139279276
14.14427129059591
11.574916726523215
14.489120873696288
15.022563359811334
16.080139513107465
11.849782851389884
13.161689535046545
14.147560912101712
14.701875144621669
14.801438581470125
11.626068250938859
14.869217177353876
14.833397324243823
15.379677725099688
12.881782162031463
12.024085207441676
15.086536006273269
16.809060033948423
15.358973547495701
11.465040931511373
12.621333809569126
15.096174168353931
15.265903771854747
15.320944531630548
15.617810359881515
14.369084845014275
13.865044342435574
14.51920125750261
13.841690187831473
13.207225156647368
16.56151927668832
12.951039665639412
15.265826313780552
14.762306069351405
15.43581423425255
15.071836513232368
12.159043103408404
15.414186919493499
15.767920339134815
15.241082139409968
14.054340635644435
17.027877179878608
15.349787362271659
11.903409301727407
12.283106322523123
12.4138862238872
14.282666705656293
13.799714926169962
15.055497134591812
12.713083590685788
13.240727079359445
13.288120886243368
11.809328080953735
14.832284812908503
12.545773080003443
14.793461186943972
15.252973159195042
16.81208156301269
15.227779246370144
12.155869234697027
14.36638481332959
15.772837451505131
13.188645814836029
15.423416041950968
14.453460909328632
12.489536012464622
14.962673734212798
12.6747405717456
12.065416178075228
15.34792002426177
14.570221980378557
11.753093965433234
15.701542077040811
14.548307288172818
14.955952676722164
14.97769038948279
13.14086091831084
17.107561297721634
12.04884141973939
14.923859138029973
12.712168175016398
14.11450845789932
15.313269544587325
14.80960570698454
15.357701331835607
14.729114381180342
15.199763349694024
13.88122939292596
12.46683747720867
12.35138564566111
13.620618634019767
17.79533495017074
12.915678722419496
14.165439000557836
12.643200668119922
15.34112319117366
15.84628259555921
15.073937640669637
16.036782037355795
12.663170923722308
12.714731730978592
12.481707627377498
16.66956665382679
15.232601928899554
14.66888859031943
15.206478978892026
11.39223659325946
15.494522761196489
13.35325802709207
12.435765771172244
13.838826989314331
15.931813747625224
11.601931695216539
15.484336886794985
17.15362532258367
11.596594863037234
16.10811390245491
15.692310268500579
14.89320318415093
12.08389881021621
15.287808164737173
14.222781514098857
14.417156220952512
14.807752450195586
14.69807969764982
13.394778556323498
17.118892151650904
12.083822553529284
11.702452489379922
12.350744167670074
11.618034328402315
15.671438993830602
14.86409873439411
17.504576262499423
14.088202000330112
14.146259801674697
15.153970951944618
11.633001570440339
17.65900102478601
14.741519403615753
13.208913872826214
14.904284411455395
12.598841479942386
14.214910094224056
12.544424404529764
15.999425017925493
14.506181353304598
11.999311903104887
13.312566762436742
11.471737861029721
17.308002730968408
12.156068615537846
18.30831411611502
11.727597077172582
15.548657888791414
12.276196416041556
18.230720182260633
16.272130527308022
15.898092597796154
12.402643382600115
12.083477452030374
11.795912424555869
14.63328701150199
15.251471240695174
17.971856181639087
15.38144410648846
11.667006059237435
12.775392718028826
16.629418325343153
14.94204764277201
13.319927675577874
14.951531957791955
12.934630201620488
13.992231466449553
12.538200438058938
14.574162049520918
13.908080366243883
12.032034137508695
11.55134631820219
11.86124971866123
14.640369038425229
12.074669228051045
11.697237474394834
13.139132505570558
15.365115135416344
15.195047034705683
16.074865396283425
15.118141426263897
11.534448853081347
14.461439991676938
11.382331903614332
11.430381210910406
12.121034595317424
12.328654591431048
11.909890210055401
12.631325906485547
14.10560625710498
13.376297924712814
14.40096775873611
14.460846319277294
15.559214172669625
12.197987655215309
14.0815033535897
14.817866693050682
13.001525240647325
13.065910615084903
13.626372228644298
14.394382690533082
15.464554984394132
14.053787120850282
14.551430709309908
18.830589806485097
14.82876981302254
13.750860073344038
14.397787046527307
12.406061202417145
14.872629071752511
13.333693217641958
11.586883398960683
13.393141849923294
12.921180386535301
12.543158116960782
12.849523796748212
14.78131489575121
15.206950776633992
16.06096291745279
14.73610085839334
14.108598748411852
12.028296704579095
16.570164327153392
14.478258578173353
15.028474972274848
14.826613674343006
11.566419592355029
15.267253489688901
14.9187603622742
15.441180787068996
12.767374321317927
14.739658667222207
14.927521542387103
14.791884039417695
19.1230836221036
14.910593835448879
12.210278811796028
15.102166491590866
14.5306866694359
14.249205577993235
12.749573876689977
13.464092903322701
13.508373190157691
14.181440604959079
13.293521140712157
18.28887008951681
18.27399978833935
11.333666793803909
15.416446171678515
13.956341993014265
14.801384878523892
14.795869328295653
12.018120381139534
12.87111535587024
15.44713204932136
14.856074027393253
14.508544294966079
15.266863141727205
12.088081007669757
16.746668339628503
13.49490654362355
16.579731479094857
13.716947812067255
15.567852237983153
15.370757237560804
13.834785974241731
13.35161705904115
12.432933764624146
11.812806814713312
12.197445257596534
11.998566512465338
13.892519103016365
15.162664345217634
12.046910561885763
15.660488981000947
14.029905632072634
15.821575580003213
15.795369178348759
12.855348293266822
12.750364920045625
12.494720899222894
12.271176537619247
16.20355794139574
13.942939543858166
17.146869085427
20.48622063930964
11.551755798824049
13.258502936307409
15.767142335975985
16.79861903513879
18.84509894044873
14.800920422741479
11.710517948666283
15.357458206600173
12.773840588490318
12.785014658040504
20.11371327450168
14.989873350382528
19.361196819535284
14.800016065447645
13.329405441099498
13.22536073486809
11.786789584112457
14.847108031465105
18.040804081467748
13.168202546740817
14.98711651005194
19.433770303005463
16.84164733612506
14.751263667301929
14.973681598048833
14.32020051476865
15.139015628897724
15.523427116496475
12.451152779791839
13.489494807153216
12.86060892087722
15.480524711273866
14.263716815386852
16.285720267259784
11.215495902147548
15.831529657489474
15.052687776665941
15.654841737881169
14.8959675374951
14.812910460089908
12.763401612929089
12.987516368884792
15.10932363261359
15.351310266962429
13.884816329048315
13.7634973123116
13.033437178762961
11.761871521296476
16.09021935673051
15.677490020671332
15.68248399109039
16.597116384046593
15.531313096008942
15.349540636883507
12.280951803511405
12.058834049863282
14.66680978275993
15.177695815369972
12.6927040709518
14.588211155061439
11.57887961266911
13.73243964740532
11.977153738210223
14.526372152338165
13.436278371981382
19.18179089821497
14.616678245487464
19.807750227829597
17.277831502773946
11.644057199776974
11.955523560968947
14.368369160311913
12.180852005380414
11.995919555637881
15.491280604510383
15.593759136064056
14.52327479021296
12.594698599524156
14.679604343323131
11.425876978860726
12.226335089340562
14.652421348793903
15.209065355866832
13.244208683619407
14.215052604946427
13.073693522519033
10.97444310919404
13.677372827281275
13.24479292265675
14.581092406313198
15.354981073012263
14.675757896860487
13.653778845577193
17.44920232021584
12.24984300547837
15.524656551277216
15.219264774272716
14.365644675919564
12.316982244173747
16.871566403956948
11.540293130394517
14.937729465385381
14.272685724578892
13.923014650981854
12.738800433043046
15.087357307482613
14.361664463871666
15.494984568314207
14.559002147194425
12.563826083229124
18.637901753807448
12.874563072723879
14.75509140740312
13.318855013148983
16.08723897952327
11.268707968759905
15.67258223341819
13.662338818045729
14.528153281791308
14.08984848888247
11.99599587379735
15.680032685324152
15.652864641985948
15.232320385998806
15.133741959754143
15.066479599577598
12.31940640045868
12.14467719645588
12.776880858661388
15.480512677355815
15.868484826911144
14.077314558528888
15.536155845313862
16.91883776689401
14.337314475487503
15.395156385268615
16.99730817623588
13.293146811692791
12.1120691045332
12.559028250306175
13.182720749240586
14.77658987571654
15.190854338811247
14.5235734345073
14.611078310833308
11.768506201849052
12.18945527723582
15.932378429040059
13.211405146434883
14.736007166222922
14.487149852891735
12.056930282691141
15.990989205289527
13.661526086910394
14.604553639401667
16.275887632787054
14.57154441643181
13.258140193525636
14.69528969555616
13.5529247112156
14.939767166524087
15.81307082992176
12.3631098556975
14.910913840114805
13.148426589803753
13.272599251422946
14.379147794379467
15.003884878827913
14.362426007089503
15.104855698762922
14.816576306909328
15.364742045202311
11.502332069750556
14.810077709189525
15.281255326854586
12.793788468087833
15.528856464849763
12.424248316008855
15.046050336530824
12.075015065884084
12.571022728377503
14.979198217364738
13.239607331636979
15.029945741569179
14.918674915442415
14.491185509162403
12.637716780259304
12.698055107297119
15.506710467509112
14.984517114262069
15.420682603949409
15.480189599062845
15.05755929511998
12.124178207511463
12.459333194065955
13.376429099096837
17.472719946342384
14.62721161614425
12.086165451133366
15.00692670318518
12.320288624965087
13.866002814274394
15.751193476351151
12.280634893854275
16.59150861565256
16.081624826003143
13.05947838098203
14.846742897936037
12.212271891888232
11.997952352336915
12.652404707108007
14.326382777465946
13.357642993057977
12.963586843325547
14.845341678139883
13.637096821666645
14.739840226371618
11.949733478382337
12.296558877145454
13.048668679226873
12.547588686197486
14.390314190552923
15.547771707324278
14.592104404845784
17.31811031073462
12.35261203888744
14.960629173540351
11.917648571236697
15.564284061676636
16.695068179255195
14.66245551030094
14.917082494662456
13.35730636274247
14.651052955334563
14.01050658600165
16.007545004691952
13.187987227433242
15.362984290014651
14.327033984154749
12.723517852906765
12.62551344254863
15.951848903530793
16.840033452073826
13.549232413830943
12.633258144798623
12.955117250192021
15.687103243609444
15.633447993386529
15.499721306886066
14.971330401651734
13.83526472238989
14.23759846780173
12.941565623215588
19.609349871365836
12.913838008701598
15.015890488774573
12.71310534528345
11.830482781455112
14.35605580145307
15.54935262739366
12.33909975700987
12.488263656486769
12.40244125954943
16.451742015477667
15.131409507136567
12.765714552024024
14.863550741437754
11.746610646312554
12.387354887736313
14.91869814805378
13.010974088683914
16.424622333656437
13.91323114643286
12.824496785880807
15.044221402822654
15.064841020937616
12.578739889592832
14.684245806138465
12.773468273364847
12.452530066724208
13.123419578893877
14.959481939573964
14.84810257298545
12.665977893573604
11.211849703823093
14.936281001268863
17.705995735898405
17.232488203362614
13.7118393477045
15.285758432353136
12.511964915792797
15.577602670305168
15.58670769841169
12.987625135191314
15.70313226075483
13.179519800538603
14.908682056801032
12.85870383739089
15.69349581589623
14.965626964611458
13.45265613755098
14.964305449309958
15.441423570196374
14.900082471961717
14.35969393217472
21.159161128014123
11.723983868220813
11.439157842012817
12.592828858739736
12.357070576793872
14.094890391847077
15.135774141727769
12.515577309565222
12.271957103915758
15.183671194903743
11.871838150005585
14.220857907332334
14.510335823969498
12.421865467935016
11.839903476404352
11.77326804928113
14.232930840402105
13.428618306729268
13.871610310051073
12.841911416815128
15.664482982943392
15.216810281288872
12.743507368123469
19.81939863687768
15.209019937013657
17.199885321905953
15.89773579780545
13.251088346947238
11.85526106373135
12.36401446021786
16.484599446707843
14.83677905967937
14.75531521422441
12.808185385264496
12.189746562197934
13.62880772126758
12.45245849531398
12.852306146846896
15.033861781629868
12.383435276922818
15.167085081520522
15.32777606463161
12.070537728071027
12.943291392636613
13.297211579220635
11.602119066193778
14.364614655388632
15.734407154920529
16.181084664247585
16.09574638094214
12.852650058985775
14.9245544526032
12.334156855572306
11.88270943388308
14.406195399646545
11.969264853452021
